targetRight_x[pixels] targetRight_y[pixels] targetLeft_x[pixels] targetLeft_y[pixels] dQ0[deg/s] dQ1[deg/s] dQ2[deg/s] dQ3[deg/s] 
-35.000 -17.953 -32.000 -17.000 3.746 1.138 0.074 6.130 
-35.000 -17.998 -32.000 -17.000 3.741 1.121 0.075 6.094 
-35.000 -17.998 -32.000 -17.000 3.753 1.123 0.059 6.110 
-35.000 -18.000 -32.000 -17.950 3.777 1.125 0.032 6.135 
-35.000 -18.000 -32.000 -17.950 3.793 1.130 0.016 6.158 
-33.050 -18.000 -30.052 -17.050 3.620 1.040 -0.023 5.970 
-33.050 -18.000 -30.052 -17.050 3.638 1.046 -0.038 5.998 
-29.055 -15.053 -25.105 -15.053 3.788 1.630 -0.468 7.292 
-29.055 -15.053 -25.105 -15.053 3.815 1.635 -0.497 7.330 
-24.103 -14.003 -22.053 -13.050 2.599 0.612 -0.002 4.139 
-24.103 -14.003 -22.053 -13.050 2.618 0.619 -0.018 4.172 
-22.053 -13.000 -20.003 -12.050 2.462 0.631 -0.066 4.061 
-22.053 -13.000 -20.003 -12.050 2.473 0.634 -0.075 4.076 
-22.000 -12.000 -20.000 -11.050 2.516 0.721 -0.111 4.136 
-22.000 -12.000 -20.000 -11.050 2.523 0.723 -0.117 4.145 
-21.000 -11.003 -19.000 -10.050 2.485 0.787 -0.170 4.165 
-21.000 -11.003 -19.000 -10.050 2.492 0.788 -0.175 4.173 
-19.052 -10.003 -17.050 -10.002 2.351 0.807 -0.229 4.083 
-19.052 -10.003 -17.050 -10.002 2.363 0.809 -0.238 4.098 
-17.050 -9.050 -15.050 -8.053 2.206 0.815 -0.283 3.980 
-17.050 -9.050 -15.050 -8.053 2.217 0.817 -0.293 3.996 
-15.050 -8.000 -13.053 -8.000 2.065 0.835 -0.342 3.890 
-15.050 -8.000 -13.053 -8.000 2.075 0.837 -0.350 3.905 
-14.050 -8.000 -12.050 -7.050 1.970 0.789 -0.353 3.793 
-14.000 -7.000 -12.000 -7.000 2.041 0.903 -0.412 3.941 
-14.000 -7.000 -12.000 -7.000 2.047 0.905 -0.417 3.951 
-12.050 -6.050 -11.000 -6.050 1.459 0.444 -0.125 2.358 
-11.050 -6.000 -10.050 -6.000 1.335 0.377 -0.112 2.175 
-11.050 -6.000 -10.050 -6.000 1.338 0.378 -0.114 2.180 
-10.050 -5.003 -9.050 -5.000 1.294 0.441 -0.162 2.192 
-10.000 -4.050 -9.000 -4.050 1.351 0.547 -0.210 2.314 
-10.000 -4.050 -9.000 -4.050 1.353 0.547 -0.211 2.318 
-9.050 -4.000 -8.050 -4.000 1.250 0.505 -0.211 2.207 
-8.050 -4.000 -8.000 -4.000 0.690 -0.022 0.141 0.570 
-8.050 -4.000 -8.000 -4.000 0.691 -0.022 0.140 0.570 
-8.000 -4.000 -7.003 -3.000 1.135 0.451 -0.209 2.079 
-8.000 -4.000 -7.003 -3.000 1.136 0.450 -0.209 2.078 
-7.048 -3.002 -6.050 -3.000 1.093 0.515 -0.255 2.093 
-7.048 -3.002 -6.050 -3.000 1.096 0.516 -0.257 2.098 
-7.000 -3.000 -6.000 -2.953 1.093 0.515 -0.259 2.098 
-7.000 -3.000 -6.000 -2.953 1.094 0.515 -0.260 2.100 
-6.050 -3.000 -6.000 -3.000 0.529 -0.010 0.100 0.451 
-6.050 -3.000 -6.000 -3.000 0.529 -0.010 0.100 0.451 
-6.000 -2.050 -5.050 -2.000 1.022 0.549 -0.288 2.028 
-6.000 -2.050 -5.050 -2.000 1.022 0.548 -0.287 2.027 
-5.000 -2.000 -5.000 -2.000 0.449 0.026 0.073 0.372 
-5.000 -2.000 -5.000 -2.000 0.450 0.026 0.073 0.372 
-5.000 -2.000 -5.000 -2.000 0.450 0.026 0.073 0.372 
-5.000 -2.000 -5.000 -2.000 0.450 0.026 0.073 0.372 
-5.000 -2.000 -5.000 -1.998 0.450 0.026 0.073 0.371 
-5.000 -2.000 -5.000 -1.998 0.450 0.026 0.073 0.371 
-4.003 -2.000 -4.000 -1.050 0.335 -0.024 0.079 0.247 
-4.000 -2.000 -4.000 -1.000 0.334 -0.025 0.080 0.242 
-4.000 -2.000 -4.000 -1.000 0.334 -0.025 0.080 0.242 
-4.000 -2.000 -4.000 -1.048 0.334 -0.025 0.080 0.242 
-4.000 -1.000 -3.000 -1.000 0.889 0.589 -0.351 1.997 
-4.000 -1.000 -3.000 -1.000 0.889 0.588 -0.351 1.996 
-3.000 -1.000 -3.000 -1.000 0.284 0.038 0.034 0.250 
-3.000 -1.000 -3.000 -1.000 0.284 0.038 0.034 0.250 
-3.000 -1.000 -2.048 -1.000 0.752 0.514 -0.329 1.795 
-3.000 -1.000 -2.048 -1.000 0.752 0.513 -0.328 1.794 
-2.002 -1.048 -2.000 -1.000 0.166 -0.017 0.041 0.119 
-2.002 -1.048 -2.000 -1.000 0.166 -0.017 0.041 0.119 
-2.000 -1.000 -2.000 -0.050 0.168 -0.013 0.040 0.121 
-2.000 -1.000 -2.000 -0.050 0.168 -0.013 0.040 0.121 
-2.000 -1.000 -2.000 -1.000 0.168 -0.013 0.040 0.121 
-2.000 -1.000 -2.000 -1.000 0.168 -0.013 0.040 0.121 
-2.000 -1.000 -2.000 -0.953 0.168 -0.013 0.040 0.121 
-2.000 -1.000 -2.000 -0.953 0.168 -0.013 0.040 0.121 
-2.000 -1.000 -2.000 -0.048 0.168 -0.013 0.040 0.121 
-2.000 -1.000 -2.000 -0.952 0.168 -0.013 0.040 0.121 
-2.000 -1.000 -2.000 -0.000 0.168 -0.013 0.040 0.121 
-2.000 -1.000 -2.000 -0.000 0.168 -0.013 0.040 0.121 
-1.002 -1.000 -1.000 0.000 0.052 -0.062 0.045 -0.004 
-1.002 -1.000 -1.000 0.000 0.052 -0.062 0.045 -0.004 
-1.002 -0.998 -1.002 -0.950 0.051 -0.063 0.046 -0.007 
-1.002 -0.998 -1.002 -0.950 0.051 -0.063 0.046 -0.007 
-1.048 -0.953 -1.002 -0.000 0.082 -0.033 0.026 0.078 
-1.048 -0.953 -1.002 -0.000 0.082 -0.033 0.026 0.078 
-1.048 -0.952 -1.000 0.000 0.083 -0.032 0.025 0.082 
-1.048 -0.952 -1.000 0.000 0.083 -0.032 0.025 0.082 
-1.000 -0.002 -1.000 0.000 0.117 0.051 -0.006 0.129 
-1.000 -0.002 -1.000 0.000 0.117 0.051 -0.006 0.129 
-1.000 0.000 -1.000 0.000 0.117 0.051 -0.006 0.129 
-1.000 0.000 -1.000 0.000 0.117 0.051 -0.006 0.129 
-1.002 -0.048 -1.000 0.000 0.115 0.047 -0.005 0.127 
-1.002 -0.048 -1.000 0.000 0.115 0.047 -0.005 0.127 
-1.000 -0.000 -1.000 0.000 0.117 0.051 -0.006 0.129 
-1.000 -0.000 -1.000 0.000 0.117 0.051 -0.006 0.129 
-1.000 0.000 -1.000 0.000 0.117 0.051 -0.006 0.129 
-1.000 0.000 -1.000 0.000 0.117 0.051 -0.006 0.129 
-1.000 0.000 -1.000 0.000 0.117 0.051 -0.006 0.129 
-1.000 0.000 -1.000 0.000 0.117 0.051 -0.006 0.129 
-1.000 0.000 -1.000 0.000 0.117 0.051 -0.006 0.129 
-1.000 0.000 -1.000 0.000 0.117 0.051 -0.006 0.129 
-1.000 0.000 -1.000 0.000 0.117 0.051 -0.006 0.129 
-1.000 0.000 -1.000 0.000 0.117 0.051 -0.006 0.129 
-1.000 0.000 -1.000 0.000 0.117 0.051 -0.006 0.129 
-1.000 0.000 -1.000 0.000 0.117 0.051 -0.006 0.129 
-1.000 0.000 -0.998 0.000 0.118 0.052 -0.007 0.133 
-1.000 0.000 -0.998 0.000 0.118 0.052 -0.007 0.133 
-1.000 0.000 -1.000 0.000 0.117 0.051 -0.006 0.129 
-1.000 0.000 -1.000 0.000 0.117 0.051 -0.006 0.129 
-1.000 0.000 -0.048 0.000 0.590 0.525 -0.371 1.680 
-1.000 0.000 -0.048 0.000 0.590 0.524 -0.371 1.679 
-1.000 0.000 -0.050 0.000 0.589 0.522 -0.370 1.675 
-1.000 0.000 -0.050 0.000 0.590 0.522 -0.370 1.676 
-0.953 0.000 -0.000 0.000 0.586 0.522 -0.372 1.676 
-0.953 0.000 -0.000 0.000 0.588 0.522 -0.373 1.680 
-0.000 -1.000 0.000 0.000 -0.067 -0.115 0.053 -0.137 
-28.050 40.950 -25.050 43.000 5.893 7.924 -0.265 12.988 
-28.050 40.950 -25.050 43.000 5.890 7.866 -0.313 12.894 
-29.000 41.000 -25.000 43.000 6.372 8.455 -0.482 14.550 
-29.000 41.000 -25.000 43.000 6.430 8.487 -0.577 14.660 
-28.050 39.100 -24.050 41.100 6.302 8.246 -0.676 14.425 
-28.050 39.100 -24.050 41.100 6.432 8.301 -0.901 14.645 
-25.053 32.105 -22.005 33.155 5.463 6.798 -0.790 11.964 
-25.053 32.105 -22.005 33.155 5.531 6.832 -0.903 12.088 
-22.053 31.000 -20.003 33.000 4.830 5.999 -0.872 10.076 
-22.053 31.000 -20.003 33.000 4.905 6.019 -1.010 10.184 
-20.050 28.102 -18.052 30.055 4.559 5.540 -1.041 9.518 
-20.050 28.102 -18.052 30.055 4.594 5.550 -1.106 9.569 
-20.000 24.005 -18.000 25.053 4.388 5.064 -1.037 9.048 
-20.950 23.003 -18.997 24.050 4.511 4.975 -1.170 9.062 
-20.950 23.003 -18.997 24.050 4.538 4.974 -1.224 9.088 
-20.002 17.105 -19.000 18.105 3.695 3.671 -0.835 6.583 
-19.003 17.000 -18.050 18.000 3.613 3.593 -0.919 6.440 
-19.003 17.000 -18.050 18.000 3.630 3.591 -0.953 6.453 
-19.003 17.000 -18.050 18.000 3.648 3.588 -0.988 6.468 
-17.050 15.053 -17.003 16.052 2.911 2.730 -0.694 4.415 
-17.050 15.053 -17.003 16.052 2.922 2.728 -0.716 4.423 
-16.000 14.000 -15.050 15.000 3.167 3.061 -0.952 5.691 
-16.000 14.000 -15.050 15.000 3.181 3.052 -0.983 5.691 
-15.048 13.050 -15.000 14.050 2.593 2.374 -0.679 3.893 
-15.048 13.050 -15.000 14.050 2.605 2.375 -0.699 3.906 
-14.003 11.003 -14.003 12.003 2.336 2.048 -0.595 3.401 
-14.003 11.003 -14.003 12.003 2.342 2.047 -0.605 3.405 
-13.003 11.000 -13.050 12.000 2.208 1.963 -0.598 3.190 
-13.003 11.000 -13.050 12.000 2.215 1.961 -0.612 3.194 
-12.003 9.050 -12.050 10.050 1.975 1.675 -0.518 2.787 
-12.003 9.050 -12.050 10.050 1.979 1.674 -0.525 2.788 
-11.003 9.000 -12.000 9.953 1.394 1.091 -0.194 1.025 
-11.003 9.000 -12.000 9.953 1.395 1.091 -0.196 1.026 
-11.000 7.050 -11.000 8.050 1.763 1.409 -0.451 2.460 
-11.000 7.050 -11.000 8.050 1.764 1.406 -0.454 2.457 
-10.000 7.000 -10.003 7.003 1.643 1.344 -0.446 2.310 
-10.000 7.000 -10.003 7.003 1.646 1.341 -0.453 2.309 
-9.050 7.000 -10.000 7.050 1.062 0.780 -0.107 0.572 
-9.050 7.000 -10.000 7.050 1.063 0.780 -0.108 0.573 
-9.000 5.003 -9.000 6.000 1.403 1.055 -0.352 1.903 
-9.000 5.003 -9.000 6.000 1.403 1.052 -0.354 1.900 
-8.000 5.000 -8.002 6.000 1.283 0.997 -0.345 1.761 
-8.000 5.000 -8.002 6.000 1.285 0.996 -0.347 1.762 
-7.952 4.003 -8.000 5.003 1.192 0.854 -0.280 1.540 
-7.952 4.003 -8.000 5.003 1.193 0.853 -0.281 1.541 
-7.000 4.000 -7.000 4.950 1.103 0.828 -0.290 1.493 
-7.000 4.000 -7.000 4.950 1.104 0.827 -0.292 1.493 
-6.003 3.050 -6.003 4.048 0.922 0.665 -0.231 1.228 
-6.003 3.050 -6.003 4.048 0.923 0.664 -0.233 1.228 
-6.000 3.002 -5.952 4.000 0.945 0.683 -0.249 1.301 
-6.000 3.002 -5.952 4.000 0.945 0.683 -0.250 1.301 
-5.000 3.000 -5.950 4.000 0.317 0.111 0.142 -0.517 
-5.000 3.000 -5.950 4.000 0.317 0.111 0.142 -0.518 
-5.000 3.000 -5.950 4.000 0.317 0.112 0.142 -0.517 
-5.000 3.000 -5.000 3.000 0.801 0.604 -0.221 1.085 
-5.000 2.998 -5.000 3.000 0.800 0.603 -0.221 1.083 
-5.000 2.998 -5.000 3.000 0.800 0.603 -0.221 1.082 
-5.000 2.998 -5.000 3.000 0.801 0.602 -0.222 1.082 
-4.003 2.002 -4.952 3.002 0.130 -0.051 0.207 -0.782 
-4.000 1.050 -4.000 2.002 0.552 0.327 -0.107 0.680 
-4.000 1.050 -4.000 2.002 0.552 0.327 -0.107 0.680 
-4.000 2.000 -3.050 2.998 1.101 0.920 -0.525 2.402 
-3.000 2.000 -3.048 2.000 0.471 0.359 -0.128 0.597 
-3.000 2.000 -3.048 2.000 0.471 0.359 -0.129 0.597 
-3.000 1.000 -3.000 2.000 0.429 0.269 -0.093 0.540 
-3.000 1.000 -3.000 2.000 0.429 0.269 -0.093 0.539 
-3.000 1.000 -3.000 2.000 0.429 0.269 -0.093 0.539 
-3.000 1.000 -3.000 2.000 0.430 0.269 -0.093 0.539 
-3.000 1.000 -3.000 2.000 0.430 0.269 -0.093 0.539 
-3.000 1.000 -3.000 2.000 0.430 0.269 -0.094 0.539 
-3.000 1.000 -3.000 2.000 0.430 0.268 -0.094 0.539 
-3.000 1.000 -3.000 2.000 0.430 0.268 -0.094 0.539 
-3.000 1.000 -3.000 2.000 0.430 0.268 -0.094 0.539 
-2.050 1.000 -2.953 2.000 -0.150 -0.236 0.272 -1.099 
-2.050 1.000 -2.953 2.000 -0.151 -0.236 0.272 -1.099 
-2.002 1.000 -2.048 2.000 0.286 0.194 -0.063 0.329 
-2.002 1.000 -2.048 2.000 0.286 0.194 -0.063 0.329 
-2.000 1.000 -2.000 1.000 0.309 0.216 -0.081 0.404 
-2.000 1.000 -2.000 1.000 0.309 0.216 -0.081 0.404 
-2.000 1.000 -2.000 1.998 0.309 0.216 -0.081 0.404 
-2.000 1.000 -2.000 1.998 0.309 0.216 -0.081 0.404 
-2.000 1.000 -2.000 1.000 0.309 0.216 -0.081 0.404 
-2.000 1.000 -2.000 1.000 0.309 0.216 -0.081 0.404 
-2.000 1.000 -2.000 1.000 0.309 0.216 -0.081 0.404 
-2.000 1.000 -2.000 1.000 0.309 0.216 -0.081 0.404 
-2.000 1.000 -2.000 1.000 0.309 0.216 -0.081 0.404 
-1.050 1.000 -2.000 1.000 -0.296 -0.307 0.304 -1.307 
-1.050 1.000 -2.000 1.000 -0.297 -0.307 0.304 -1.306 
-1.000 0.000 -1.000 1.000 0.121 0.051 -0.013 0.133 
-1.000 0.000 -1.000 1.000 0.121 0.051 -0.013 0.133 
-1.000 0.000 -1.000 1.000 0.121 0.051 -0.013 0.133 
-1.000 0.000 -1.000 1.000 0.121 0.051 -0.013 0.133 
-1.000 0.950 -1.002 1.000 0.183 0.157 -0.064 0.259 
-1.000 0.950 -1.002 1.000 0.183 0.157 -0.064 0.259 
-1.000 0.950 -1.002 1.000 0.183 0.157 -0.064 0.259 
-1.000 0.048 -1.950 1.000 -0.365 -0.415 0.357 -1.438 
-1.000 0.000 -1.000 1.000 0.121 0.051 -0.013 0.133 
-1.000 0.000 -1.000 1.000 0.121 0.051 -0.013 0.133 
-1.000 0.000 -1.000 1.000 0.121 0.051 -0.013 0.133 
-1.000 0.000 -1.000 1.000 0.121 0.051 -0.013 0.133 
-1.000 0.952 -1.000 1.000 0.184 0.159 -0.065 0.263 
-1.000 0.952 -1.000 1.000 0.184 0.159 -0.065 0.262 
-1.000 1.000 -1.000 1.000 0.187 0.164 -0.068 0.269 
-1.000 1.000 -1.000 1.000 0.187 0.164 -0.068 0.269 
-1.000 0.048 -1.000 1.000 0.124 0.056 -0.016 0.139 
-1.000 0.048 -1.000 1.000 0.124 0.056 -0.016 0.139 
-44.000 -27.000 -42.000 -27.000 4.150 0.103 0.390 5.003 
-44.000 -27.000 -42.000 -27.000 4.149 0.102 0.390 5.000 
-44.000 -27.000 -42.000 -27.000 4.152 0.098 0.388 4.983 
-44.000 -27.000 -42.000 -27.000 4.172 0.102 0.371 5.008 
-44.000 -27.000 -42.000 -27.000 4.189 0.104 0.359 5.023 
-44.000 -27.000 -42.000 -27.000 4.198 0.105 0.351 5.033 
-41.053 -25.052 -38.103 -25.052 4.361 0.543 0.082 6.187 
-41.053 -25.052 -38.103 -25.052 4.373 0.545 0.072 6.199 
-35.105 -22.053 -33.105 -22.053 3.516 0.197 0.181 4.545 
-35.105 -22.053 -33.105 -22.053 3.530 0.201 0.169 4.567 
-31.053 -20.053 -28.055 -20.003 3.593 0.619 -0.115 5.680 
-31.053 -20.053 -28.055 -20.003 3.612 0.624 -0.132 5.707 
-28.053 -18.050 -26.050 -18.003 2.993 0.288 0.030 4.205 
-28.053 -18.050 -26.050 -18.003 3.005 0.291 0.019 4.221 
-28.000 -17.050 -26.000 -17.003 3.068 0.395 -0.029 4.343 
-28.000 -17.050 -26.000 -17.003 3.076 0.396 -0.036 4.352 
-26.050 -17.002 -25.003 -16.050 2.458 -0.084 0.211 2.777 
-26.050 -17.002 -25.003 -16.050 2.465 -0.083 0.206 2.784 
-24.053 -15.003 -22.053 -14.053 2.760 0.425 -0.106 4.125 
-24.053 -15.003 -22.053 -14.053 2.765 0.426 -0.109 4.129 
-22.003 -14.000 -20.053 -13.003 2.573 0.414 -0.127 3.931 
-22.003 -14.000 -20.053 -13.003 2.583 0.415 -0.138 3.942 
-20.003 -12.050 -18.050 -12.003 2.473 0.525 -0.209 3.930 
-20.003 -12.050 -18.050 -12.003 2.480 0.528 -0.216 3.943 
-18.050 -11.050 -17.050 -11.003 1.898 0.137 0.016 2.438 
-18.050 -11.050 -17.050 -11.003 1.902 0.138 0.012 2.445 
-18.050 -11.050 -17.050 -11.003 1.905 0.139 0.010 2.447 
-18.000 -11.000 -16.003 -11.000 2.349 0.566 -0.274 3.911 
-18.000 -11.000 -16.003 -11.000 2.355 0.567 -0.280 3.916 
-17.000 -10.000 -15.050 -10.000 2.282 0.605 -0.306 3.846 
-17.000 -10.000 -15.050 -10.000 2.288 0.606 -0.313 3.855 
-15.003 -9.002 -14.003 -9.000 1.687 0.209 -0.065 2.325 
-15.003 -9.002 -14.003 -9.000 1.695 0.211 -0.073 2.336 
-14.003 -9.000 -13.003 -8.050 1.579 0.164 -0.062 2.213 
-14.003 -9.000 -13.003 -8.050 1.581 0.164 -0.064 2.216 
-13.003 -8.000 -12.003 -8.000 1.525 0.221 -0.099 2.209 
-13.003 -8.000 -12.003 -8.000 1.527 0.222 -0.101 2.212 
-12.000 -7.050 -11.000 -7.000 1.467 0.273 -0.134 2.198 
-12.000 -7.050 -11.000 -7.000 1.469 0.274 -0.136 2.200 
-11.050 -7.000 -11.000 -6.003 0.919 -0.181 0.164 0.657 
-11.050 -7.000 -11.000 -6.003 0.920 -0.181 0.163 0.658 
-11.000 -7.000 -10.000 -6.002 1.359 0.232 -0.130 2.085 
-11.000 -7.000 -10.000 -6.002 1.360 0.232 -0.129 2.086 
-10.003 -6.000 -10.000 -5.050 0.834 -0.148 0.146 0.568 
-10.003 -6.000 -10.000 -5.050 0.834 -0.148 0.145 0.569 
-9.050 -5.003 -9.000 -5.000 0.803 -0.068 0.096 0.637 
-9.050 -5.003 -9.000 -5.000 0.804 -0.068 0.096 0.637 
-9.000 -5.000 -8.002 -4.050 1.246 0.345 -0.201 2.067 
-9.000 -5.000 -8.002 -4.050 1.246 0.344 -0.201 2.066 
-9.000 -5.000 -8.002 -4.050 1.248 0.345 -0.202 2.070 
-8.002 -5.000 -8.000 -4.000 0.657 -0.139 0.126 0.431 
-8.002 -5.000 -8.000 -4.000 0.658 -0.139 0.125 0.432 
-8.000 -4.003 -7.000 -4.000 1.195 0.403 -0.242 2.070 
-8.000 -4.003 -7.000 -4.000 1.195 0.403 -0.243 2.069 
-7.048 -4.000 -6.050 -4.000 1.081 0.357 -0.230 1.947 
-7.048 -4.000 -6.050 -4.000 1.083 0.357 -0.232 1.950 
-7.000 -3.050 -6.000 -3.002 1.138 0.456 -0.281 2.062 
-7.000 -3.050 -6.000 -3.002 1.140 0.457 -0.283 2.066 
-6.050 -3.002 -6.000 -3.000 0.571 -0.002 0.039 0.494 
-6.050 -3.002 -6.000 -3.000 0.571 -0.002 0.038 0.495 
-6.000 -3.000 -5.050 -3.000 1.003 0.393 -0.259 1.874 
-6.000 -3.000 -5.050 -3.000 1.003 0.393 -0.259 1.874 
-6.000 -3.000 -5.000 -3.000 1.029 0.416 -0.278 1.955 
-6.000 -3.000 -5.000 -3.000 1.031 0.416 -0.280 1.956 
-5.000 -3.000 -5.000 -2.998 0.421 -0.075 0.071 0.284 
-5.000 -3.000 -5.000 -2.998 0.422 -0.075 0.070 0.284 
-5.000 -3.000 -5.000 -2.048 0.422 -0.075 0.070 0.284 
-5.000 -3.000 -5.000 -2.048 0.422 -0.075 0.070 0.284 
-4.050 -3.000 -4.003 -2.000 0.330 -0.100 0.070 0.234 
-4.050 -3.000 -4.003 -2.000 0.330 -0.100 0.070 0.234 
-4.000 -2.000 -4.000 -2.000 0.362 -0.018 0.036 0.275 
-4.000 -2.000 -4.000 -2.000 0.362 -0.018 0.036 0.275 
-4.000 -2.000 -4.000 -2.000 0.362 -0.018 0.036 0.275 
-4.000 -2.000 -4.000 -2.000 0.362 -0.018 0.036 0.275 
-4.000 -2.000 -3.050 -2.000 0.830 0.403 -0.286 1.746 
-4.000 -2.000 -3.050 -2.000 0.830 0.402 -0.287 1.745 
-3.050 -2.000 -4.000 -1.048 -0.221 -0.483 0.375 -1.318 
-3.050 -2.000 -4.000 -1.048 -0.223 -0.484 0.378 -1.322 
-3.000 -2.000 -3.000 -1.950 0.241 -0.066 0.053 0.145 
-3.000 -2.000 -3.000 -1.950 0.241 -0.066 0.053 0.145 
-3.000 -2.000 -3.000 -1.000 0.241 -0.066 0.053 0.145 
-3.000 -2.000 -3.000 -1.000 0.241 -0.066 0.053 0.145 
-3.000 -1.002 -2.953 -0.050 0.326 0.060 -0.014 0.339 
-3.000 -1.002 -2.953 -0.050 0.326 0.060 -0.014 0.339 
-3.000 -1.000 -2.952 -1.000 0.326 0.060 -0.015 0.339 
-3.000 -1.000 -2.952 -1.000 0.326 0.060 -0.015 0.339 
-2.050 -1.000 -2.002 -1.000 0.211 0.014 0.001 0.217 
-2.050 -1.000 -2.002 -1.000 0.211 0.014 0.001 0.217 
-2.000 -1.000 -2.000 -0.998 0.181 -0.009 0.018 0.137 
-2.000 -1.000 -1.000 -1.000 0.676 0.431 -0.325 1.683 
-2.000 -1.000 -1.000 -1.000 0.676 0.430 -0.325 1.682 
-2.000 -1.000 -1.000 -1.000 0.677 0.430 -0.327 1.683 
-1.048 -1.000 -1.000 -1.000 0.089 -0.034 0.018 0.088 
-1.048 -1.000 -1.000 -1.000 0.089 -0.034 0.018 0.088 
-1.000 -1.000 -1.000 -0.998 0.060 -0.057 0.035 0.008 
-1.000 -1.000 -1.000 -0.998 0.060 -0.057 0.035 0.008 
-1.000 -1.000 -1.000 -0.003 0.060 -0.057 0.035 0.008 
-1.000 -1.000 -1.000 -0.003 0.060 -0.057 0.035 0.008 
-1.000 -0.998 -1.000 0.000 0.060 -0.057 0.035 0.008 
-1.000 -0.998 -1.000 0.000 0.060 -0.057 0.035 0.008 
-1.000 -1.000 -1.000 -1.000 0.060 -0.057 0.035 0.008 
-1.000 -1.000 -1.000 -1.000 0.060 -0.057 0.035 0.008 
-1.000 -1.000 -1.000 -0.000 0.060 -0.057 0.035 0.008 
-1.000 -1.000 -1.000 -0.000 0.060 -0.057 0.035 0.008 
-1.000 -1.000 -1.000 -0.000 0.060 -0.057 0.035 0.008 
-1.000 -1.000 -0.050 0.000 0.533 0.362 -0.296 1.485 
-1.000 -1.000 -0.050 0.000 0.533 0.362 -0.296 1.485 
-1.000 -0.953 -1.000 0.000 0.063 -0.052 0.033 0.014 
-1.000 -0.953 -1.000 0.000 0.063 -0.052 0.033 0.014 
-1.000 -1.000 -1.000 -0.002 0.060 -0.057 0.035 0.008 
-1.000 -1.000 -1.000 -0.002 0.060 -0.057 0.035 0.008 
-1.000 -0.000 -1.000 0.000 0.122 0.048 -0.018 0.130 
-1.000 -0.000 -1.000 0.000 0.122 0.048 -0.018 0.130 
-0.998 -0.002 -0.998 0.000 0.122 0.048 -0.017 0.129 
-1.000 0.000 -1.000 0.000 0.123 0.049 -0.018 0.130 
-1.000 0.000 -1.000 0.000 0.123 0.049 -0.018 0.130 
-1.000 0.000 -1.000 0.000 0.123 0.048 -0.018 0.130 
-1.000 0.000 -1.000 0.000 0.123 0.048 -0.018 0.130 
-1.000 0.000 -1.000 0.000 0.123 0.048 -0.018 0.130 
-1.000 0.000 -1.000 0.000 0.123 0.048 -0.018 0.130 
-1.000 0.000 -1.000 0.000 0.123 0.048 -0.018 0.130 
-0.953 -0.048 -0.003 0.000 0.590 0.461 -0.349 1.600 
-0.952 -0.048 -0.002 0.000 0.590 0.461 -0.349 1.600 
-0.952 -0.048 -0.002 0.000 0.591 0.461 -0.351 1.600 
-0.002 -0.998 -0.050 0.000 -0.087 -0.126 0.070 -0.196 
0.000 -1.000 -0.050 -0.950 -0.088 -0.128 0.071 -0.201 
0.000 -1.000 -0.050 -0.950 -0.088 -0.128 0.071 -0.201 
0.000 -1.000 -0.050 -0.950 -0.088 -0.128 0.071 -0.201 
0.000 -1.000 -0.000 -0.000 -0.063 -0.106 0.053 -0.123 
-35.000 -28.000 -31.952 -28.000 3.051 0.106 1.749 4.657 
-35.000 -28.000 -31.952 -28.000 3.050 0.104 1.750 4.650 
-35.000 -28.000 -31.000 -28.000 3.348 0.607 1.868 6.087 
-35.000 -28.000 -31.000 -28.000 3.359 0.616 1.871 6.116 
-35.000 -28.000 -31.000 -28.000 3.379 0.633 1.874 6.176 
-35.000 -28.000 -31.000 -28.000 3.393 0.644 1.875 6.217 
-33.003 -27.050 -29.052 -27.050 3.236 0.639 1.795 6.086 
-33.003 -27.050 -29.052 -27.050 3.253 0.652 1.798 6.134 
-29.055 -24.100 -25.105 -24.053 3.011 0.810 1.645 6.133 
-29.055 -24.100 -25.105 -24.053 3.042 0.834 1.643 6.219 
-25.053 -22.053 -22.003 -22.050 2.457 0.385 1.381 4.672 
-25.053 -22.053 -22.003 -22.050 2.474 0.396 1.378 4.717 
-23.003 -20.003 -20.003 -20.003 2.358 0.511 1.289 4.706 
-23.003 -20.003 -20.003 -20.003 2.367 0.518 1.289 4.732 
-22.950 -19.000 -20.000 -19.000 2.407 0.611 1.272 4.807 
-22.950 -19.000 -20.000 -19.000 2.416 0.617 1.270 4.829 
-22.002 -18.050 -20.000 -17.050 2.053 0.136 1.112 3.315 
-22.002 -18.050 -20.000 -17.050 2.059 0.139 1.111 3.328 
-17.055 -14.053 -16.003 -14.003 1.434 -0.188 0.799 1.764 
-17.055 -14.053 -16.003 -14.003 1.438 -0.187 0.799 1.772 
-17.055 -14.053 -16.003 -14.003 1.439 -0.187 0.799 1.773 
-16.050 -13.000 -14.050 -12.003 1.720 0.449 0.877 3.396 
-16.050 -13.000 -14.050 -12.003 1.722 0.450 0.878 3.399 
-16.000 -12.000 -14.000 -11.050 1.769 0.567 0.869 3.534 
-16.000 -12.000 -14.000 -11.050 1.774 0.567 0.865 3.538 
-15.003 -11.003 -14.000 -10.050 1.375 0.043 0.698 1.890 
-14.003 -11.000 -13.003 -10.050 1.275 -0.005 0.663 1.787 
-14.003 -11.000 -13.003 -10.050 1.277 -0.005 0.663 1.789 
-13.003 -10.003 -12.003 -10.000 1.223 0.063 0.623 1.813 
-13.003 -10.003 -12.003 -10.000 1.225 0.064 0.623 1.815 
-12.003 -8.003 -11.000 -8.003 1.222 0.251 0.575 1.977 
-12.003 -8.003 -11.000 -8.003 1.223 0.252 0.574 1.980 
-10.003 -8.000 -10.000 -8.000 0.653 -0.450 0.389 0.043 
-10.003 -8.000 -10.000 -8.000 0.654 -0.450 0.389 0.043 
-10.003 -8.000 -10.000 -8.000 0.654 -0.450 0.389 0.043 
-10.050 -7.003 -9.050 -7.003 1.071 0.273 0.503 1.897 
-10.050 -7.003 -9.050 -7.003 1.071 0.273 0.504 1.896 
-10.000 -7.000 -9.000 -7.000 1.067 0.271 0.502 1.894 
-10.000 -7.000 -9.000 -7.000 1.069 0.271 0.500 1.894 
-9.050 -6.003 -8.002 -5.998 1.038 0.371 0.465 2.008 
-9.050 -6.003 -8.002 -5.998 1.039 0.371 0.464 2.011 
-8.000 -6.000 -7.000 -5.998 0.913 0.293 0.424 1.817 
-8.000 -6.000 -7.000 -5.998 0.914 0.293 0.423 1.819 
-8.000 -5.003 -7.000 -5.005 0.968 0.412 0.412 1.960 
-7.950 -5.000 -6.998 -5.000 0.946 0.381 0.405 1.874 
-7.950 -5.000 -6.998 -5.000 0.948 0.381 0.403 1.876 
-7.000 -5.000 -7.000 -5.000 0.493 -0.247 0.265 0.110 
-7.000 -4.003 -6.003 -4.000 0.918 0.482 0.366 1.992 
-7.000 -4.003 -6.003 -4.000 0.919 0.482 0.366 1.993 
-6.050 -4.000 -6.000 -4.000 0.462 -0.146 0.231 0.227 
-6.050 -4.000 -6.000 -4.000 0.462 -0.145 0.230 0.227 
-6.000 -4.000 -5.003 -3.002 0.817 0.435 0.332 1.888 
-5.050 -3.998 -5.002 -3.002 0.355 -0.196 0.199 0.111 
-5.050 -3.998 -5.002 -3.002 0.355 -0.196 0.199 0.111 
-5.050 -3.002 -5.000 -3.000 0.407 -0.077 0.190 0.250 
-5.050 -3.002 -5.000 -3.000 0.407 -0.077 0.190 0.250 
-5.000 -3.000 -5.000 -3.000 0.382 -0.110 0.183 0.157 
-5.000 -3.000 -5.000 -3.000 0.383 -0.110 0.183 0.157 
-4.050 -3.000 -4.050 -2.098 0.281 -0.156 0.154 0.050 
-4.050 -3.000 -4.050 -2.098 0.281 -0.156 0.154 0.050 
-4.000 -2.002 -4.000 -2.000 0.326 -0.041 0.143 0.179 
-4.000 -2.002 -4.000 -2.000 0.326 -0.041 0.143 0.179 
-4.000 -2.000 -4.000 -2.000 0.326 -0.041 0.143 0.179 
-4.000 -2.000 -4.000 -2.000 0.326 -0.041 0.143 0.179 
-4.000 -2.000 -4.000 -2.000 0.326 -0.041 0.143 0.179 
-3.002 -2.000 -3.000 -2.902 0.221 -0.088 0.112 0.071 
-3.000 -2.000 -3.000 -1.095 0.220 -0.089 0.112 0.067 
-3.000 -2.000 -3.000 -1.095 0.220 -0.089 0.112 0.067 
-3.000 -2.000 -2.050 -0.953 0.581 0.490 0.215 1.731 
-3.000 -2.000 -2.998 -1.047 0.220 -0.088 0.112 0.071 
-3.000 -2.000 -2.998 -1.047 0.221 -0.088 0.112 0.071 
-2.002 -1.048 -2.000 -1.000 0.162 -0.024 0.072 0.088 
-2.002 -1.048 -2.000 -1.000 0.162 -0.024 0.072 0.088 
-2.002 -1.048 -2.000 -1.000 0.162 -0.024 0.072 0.088 
-2.002 -1.998 -2.000 -1.000 0.114 -0.136 0.081 -0.041 
-2.000 -1.002 -2.000 -1.000 0.163 -0.021 0.071 0.089 
-2.000 -1.002 -2.000 -1.000 0.163 -0.021 0.071 0.089 
-2.000 -1.000 -2.000 -1.002 0.163 -0.020 0.071 0.090 
-2.000 -1.000 -2.000 -1.002 0.163 -0.020 0.071 0.090 
-2.000 -1.000 -2.000 -1.000 0.163 -0.020 0.071 0.090 
-2.000 -1.000 -2.000 -1.000 0.163 -0.020 0.071 0.089 
-2.000 -1.000 -1.950 -1.950 0.182 0.010 0.077 0.177 
-2.000 -1.000 -1.950 -1.950 0.182 0.010 0.077 0.177 
-1.050 -1.000 -1.002 0.952 0.080 -0.038 0.047 0.066 
-1.050 -1.000 -1.002 0.952 0.080 -0.038 0.047 0.066 
-2.000 -1.000 -1.000 -1.047 0.546 0.587 0.178 1.837 
-2.000 -1.000 -1.000 -1.047 0.546 0.586 0.178 1.837 
-1.000 -1.000 -1.000 -0.098 0.057 -0.069 0.041 -0.022 
-1.000 -1.000 -1.000 -0.098 0.057 -0.069 0.041 -0.022 
-1.000 -1.000 -1.000 -0.098 0.057 -0.069 0.041 -0.022 
-1.000 -1.000 -1.000 -0.000 0.057 -0.069 0.040 -0.023 
-1.000 -1.000 -1.000 0.043 0.057 -0.069 0.041 -0.023 
-1.000 -1.000 -1.000 0.043 0.057 -0.069 0.041 -0.023 
-1.000 -1.000 -1.000 0.050 0.057 -0.069 0.041 -0.023 
-1.000 -1.000 -1.000 0.050 0.057 -0.069 0.041 -0.023 
-1.000 -1.000 -1.000 0.002 0.057 -0.069 0.041 -0.023 
-1.000 -1.000 -1.000 0.002 0.057 -0.069 0.041 -0.023 
-1.000 -1.000 -1.000 0.000 0.057 -0.069 0.041 -0.023 
-1.000 -1.000 -1.000 0.950 0.057 -0.069 0.041 -0.023 
-1.000 -1.000 -1.000 0.950 0.057 -0.069 0.041 -0.023 
-1.000 -0.950 -0.953 -0.948 0.077 -0.034 0.045 0.067 
-1.000 -0.048 -0.998 -0.000 0.106 0.044 0.031 0.110 
-1.000 -0.048 -0.998 -0.000 0.106 0.044 0.031 0.110 
-1.000 -0.002 -0.050 0.000 0.472 0.627 0.131 1.779 
-1.000 -0.002 -0.050 0.000 0.472 0.627 0.130 1.779 
-1.000 0.000 -0.950 -0.950 0.126 0.079 0.036 0.200 
-1.000 -0.950 -0.000 -0.000 0.446 0.546 0.142 1.741 
-0.953 -1.000 -0.950 0.902 0.053 -0.070 0.039 -0.024 
-0.953 -1.000 -0.950 0.902 0.053 -0.070 0.039 -0.024 
-1.000 -0.050 -0.050 0.050 0.473 0.622 0.127 1.778 
-1.000 -0.050 -0.050 0.050 0.473 0.622 0.127 1.779 
-0.950 -1.000 -0.950 0.000 0.051 -0.071 0.039 -0.028 
-0.950 -1.000 -0.950 0.000 0.052 -0.071 0.039 -0.028 
-0.050 -1.000 -0.050 0.000 -0.046 -0.115 0.012 -0.130 
-0.050 -1.000 -0.050 0.000 -0.046 -0.115 0.012 -0.130 
-0.000 -1.000 -0.000 -1.900 -0.051 -0.118 0.011 -0.136 
-0.000 -1.000 -0.000 -1.900 -0.051 -0.118 0.011 -0.136 
-1.000 -0.050 -1.000 -0.000 0.105 0.043 0.030 0.107 
-1.000 -0.050 -1.000 -0.000 0.105 0.043 0.030 0.107 
-0.950 -1.000 -0.950 0.000 0.051 -0.072 0.039 -0.028 
-0.950 -1.000 -0.950 0.000 0.051 -0.072 0.039 -0.028 
-1.000 -0.050 -0.050 0.000 0.476 0.625 0.125 1.787 
-1.000 -0.050 -0.050 0.000 0.476 0.625 0.125 1.787 
-0.000 -0.950 -0.000 0.000 -0.048 -0.112 0.010 -0.129 
-0.000 -0.950 -0.000 0.000 -0.048 -0.112 0.010 -0.129 
-1.000 -0.950 -0.050 -0.002 0.432 0.521 0.132 1.669 
-0.000 -1.000 -0.000 0.000 -0.051 -0.118 0.011 -0.136 
-0.000 -1.000 -0.000 0.000 -0.051 -0.118 0.011 -0.136 
-0.050 -1.000 -0.050 -0.002 -0.046 -0.116 0.012 -0.131 
-0.050 -1.000 -0.050 -0.002 -0.046 -0.116 0.012 -0.131 
-0.950 -0.048 -0.950 -0.050 0.100 0.041 0.029 0.102 
-0.950 -0.048 -0.950 -0.050 0.100 0.041 0.029 0.102 
-1.000 -1.000 -1.000 -0.000 0.057 -0.069 0.040 -0.022 
-1.000 -1.000 -1.000 -0.000 0.057 -0.069 0.040 -0.022 
-0.000 -0.953 -0.000 -0.048 -0.049 -0.112 0.010 -0.130 
-0.000 -0.953 -0.000 -0.048 -0.049 -0.112 0.010 -0.130 
-0.050 -0.950 -0.050 0.093 -0.043 -0.110 0.012 -0.124 
-0.050 -0.950 -0.050 0.093 -0.043 -0.110 0.012 -0.124 
-0.950 -0.048 -0.950 -0.952 0.100 0.041 0.029 0.102 
-0.950 -0.048 -0.950 -0.952 0.100 0.041 0.029 0.102 
-30.048 -10.952 -29.000 -10.000 2.645 0.441 0.552 3.454 
-30.000 -11.000 -29.000 -10.000 2.621 0.416 0.571 3.376 
-30.000 -11.000 -29.000 -10.000 2.621 0.414 0.581 3.375 
-30.000 -10.953 -29.000 -10.000 2.625 0.417 0.590 3.381 
-30.000 -10.953 -29.000 -10.000 2.628 0.415 0.604 3.380 
-30.000 -10.002 -29.000 -10.000 2.675 0.510 0.592 3.477 
-30.000 -10.002 -29.000 -10.000 2.681 0.507 0.609 3.481 
-29.003 -9.050 -28.003 -8.050 2.635 0.562 0.583 3.471 
-29.003 -9.050 -28.003 -8.050 2.637 0.561 0.590 3.473 
-26.053 -8.050 -25.005 -7.050 2.420 0.557 0.515 3.316 
-26.053 -8.050 -25.005 -7.050 2.424 0.555 0.527 3.320 
-22.103 -7.003 -21.055 -6.003 2.098 0.502 0.433 3.001 
-22.103 -7.003 -21.055 -6.003 2.101 0.501 0.438 3.004 
-19.100 -5.003 -17.053 -5.000 2.214 0.891 0.213 4.156 
-16.053 -4.003 -15.003 -3.050 1.673 0.561 0.278 2.669 
-16.053 -4.003 -15.003 -3.050 1.675 0.560 0.282 2.673 
-14.053 -3.050 -13.003 -3.000 1.532 0.577 0.226 2.560 
-14.053 -3.050 -13.003 -3.000 1.534 0.577 0.231 2.565 
-13.003 -2.050 -11.050 -2.000 1.760 0.914 0.082 3.721 
-13.003 -2.050 -11.050 -2.000 1.762 0.914 0.085 3.725 
-11.050 -2.000 -10.003 -1.002 1.300 0.562 0.157 2.357 
-10.003 -1.048 -9.002 -1.000 1.235 0.602 0.132 2.291 
-10.003 -1.048 -9.002 -1.000 1.238 0.603 0.133 2.298 
-9.002 -0.050 -8.000 -0.003 1.192 0.664 0.099 2.300 
-9.002 -0.050 -8.000 -0.003 1.193 0.665 0.100 2.303 
-7.050 -0.000 -6.050 0.998 1.005 0.591 0.054 2.092 
-7.050 -0.000 -6.050 0.998 1.006 0.592 0.055 2.096 
-6.050 0.000 -6.000 1.000 0.609 0.256 0.144 0.733 
-6.050 0.000 -6.000 1.000 0.610 0.256 0.145 0.734 
-5.050 1.000 -5.000 1.000 0.562 0.317 0.108 0.730 
-5.050 1.000 -5.000 1.000 0.562 0.317 0.108 0.731 
-5.000 1.000 -4.000 2.000 0.859 0.611 -0.002 1.988 
-5.000 1.000 -4.000 2.000 0.859 0.611 -0.001 1.988 
-4.000 1.000 -3.002 2.000 0.760 0.571 -0.025 1.876 
-4.000 1.000 -3.002 2.000 0.762 0.571 -0.024 1.880 
-3.050 1.000 -3.000 2.000 0.366 0.238 0.060 0.512 
-3.050 1.000 -3.000 2.000 0.367 0.238 0.060 0.512 
-3.000 1.950 -2.048 2.000 0.699 0.614 -0.053 1.819 
-3.000 2.000 -2.000 2.000 0.717 0.634 -0.058 1.889 
-3.000 2.000 -2.000 2.000 0.717 0.633 -0.056 1.890 
-2.002 2.000 -1.952 2.000 0.314 0.297 0.023 0.505 
-2.002 2.000 -1.952 2.000 0.314 0.297 0.023 0.505 
-2.000 2.000 -1.000 2.000 0.620 0.594 -0.080 1.786 
-2.000 2.000 -1.000 2.000 0.620 0.594 -0.078 1.786 
-2.000 2.000 -1.000 2.950 0.621 0.594 -0.078 1.788 
-2.000 2.000 -1.000 2.950 0.621 0.594 -0.078 1.791 
-1.048 2.000 -1.000 2.000 0.219 0.259 0.000 0.397 
-1.048 2.000 -1.000 2.000 0.219 0.259 0.000 0.397 
-1.050 2.000 -1.000 2.000 0.220 0.260 -0.000 0.401 
-1.050 2.000 -1.000 2.000 0.220 0.260 -0.000 0.401 
-1.000 2.950 -1.000 2.998 0.247 0.338 -0.006 0.430 
-1.000 2.950 -1.000 2.998 0.247 0.338 -0.006 0.430 
-1.000 2.000 -0.050 2.002 0.508 0.539 -0.095 1.618 
-1.000 2.000 -0.050 2.002 0.507 0.539 -0.095 1.618 
-1.000 2.000 -0.048 2.000 0.508 0.539 -0.095 1.621 
-1.000 2.000 -0.048 2.000 0.509 0.540 -0.094 1.627 
-1.000 2.000 -0.002 2.000 0.525 0.554 -0.098 1.690 
-1.000 2.000 -0.002 2.000 0.525 0.554 -0.098 1.691 
-1.000 2.000 -0.048 2.000 0.511 0.541 -0.093 1.633 
-1.000 2.000 -0.048 2.000 0.512 0.541 -0.093 1.635 
-1.000 2.000 -0.000 2.000 0.528 0.556 -0.097 1.704 
-1.000 2.000 -0.000 2.000 0.529 0.557 -0.097 1.706 
-1.000 2.000 0.000 2.000 0.530 0.558 -0.097 1.710 
-1.000 2.000 0.000 2.000 0.531 0.558 -0.096 1.712 
-1.000 2.000 0.000 2.950 0.532 0.558 -0.096 1.714 
-1.000 2.000 0.000 2.950 0.532 0.559 -0.096 1.717 
-0.953 2.000 0.000 3.000 0.513 0.542 -0.092 1.649 
-0.953 2.000 0.000 3.000 0.513 0.542 -0.091 1.651 
-0.048 2.000 0.000 3.000 0.122 0.220 -0.024 0.292 
-0.048 2.000 0.000 3.000 0.122 0.221 -0.024 0.292 
-0.002 3.000 0.000 3.000 0.153 0.306 -0.031 0.334 
-0.002 3.000 0.000 3.000 0.153 0.306 -0.031 0.334 
0.000 3.000 0.000 3.000 0.152 0.305 -0.031 0.331 
0.000 3.000 0.000 3.000 0.152 0.305 -0.031 0.330 
0.000 3.000 0.000 3.000 0.152 0.305 -0.031 0.330 
0.000 3.000 0.000 3.000 0.152 0.305 -0.031 0.330 
-0.048 2.050 0.000 3.000 0.124 0.225 -0.024 0.297 
-0.048 2.050 0.000 3.000 0.124 0.225 -0.024 0.297 
-0.000 2.000 0.000 2.953 0.101 0.203 -0.020 0.220 
-0.000 2.000 0.000 2.953 0.101 0.203 -0.020 0.220 
0.000 2.000 0.000 3.000 0.101 0.203 -0.020 0.220 
0.000 2.000 0.000 3.000 0.101 0.203 -0.020 0.220 
0.000 2.000 0.000 2.953 0.101 0.203 -0.020 0.220 
0.000 2.000 0.000 2.002 0.101 0.203 -0.020 0.220 
0.000 2.000 0.000 2.002 0.101 0.203 -0.020 0.220 
0.000 2.000 0.000 2.002 0.101 0.203 -0.020 0.220 
0.000 2.000 0.000 2.002 0.101 0.203 -0.020 0.220 
0.000 2.000 0.000 2.000 0.101 0.203 -0.020 0.220 
0.000 2.000 0.000 2.000 0.101 0.203 -0.020 0.220 
0.000 2.000 0.000 2.000 0.101 0.203 -0.019 0.220 
0.000 2.000 0.000 2.000 0.101 0.203 -0.019 0.220 
0.000 2.000 0.000 2.000 0.101 0.203 -0.019 0.220 
0.000 2.000 0.000 2.000 0.101 0.203 -0.019 0.220 
0.000 2.000 0.000 2.000 0.101 0.203 -0.019 0.220 
0.000 1.048 0.048 2.000 0.069 0.121 -0.014 0.182 
0.000 1.048 0.048 2.000 0.069 0.121 -0.014 0.182 
0.000 1.048 0.048 2.000 0.069 0.121 -0.014 0.182 
0.000 1.000 0.000 2.000 0.050 0.101 -0.009 0.110 
0.000 1.000 0.000 2.000 0.050 0.101 -0.009 0.110 
0.000 1.000 0.952 1.048 0.367 0.400 -0.098 1.442 
0.000 1.000 0.952 1.048 0.367 0.399 -0.098 1.441 
0.000 1.000 0.050 1.950 0.067 0.117 -0.014 0.180 
0.000 1.000 0.050 1.950 0.067 0.117 -0.014 0.180 
0.000 1.000 0.000 1.048 0.051 0.102 -0.009 0.110 
0.000 1.000 0.950 2.000 0.368 0.400 -0.098 1.443 
0.998 1.000 0.048 1.952 -0.367 -0.235 0.051 -1.336 
0.998 1.000 0.048 1.952 -0.368 -0.236 0.052 -1.338 
0.000 1.000 1.000 1.048 0.384 0.415 -0.102 1.514 
0.000 1.000 1.000 1.048 0.384 0.414 -0.102 1.512 
0.000 1.000 1.000 1.048 0.385 0.415 -0.103 1.514 
0.048 1.000 0.998 1.950 0.363 0.398 -0.098 1.441 
0.050 1.000 0.050 1.050 0.046 0.100 -0.011 0.105 
0.050 1.000 0.050 1.050 0.046 0.100 -0.011 0.105 
0.000 1.000 0.000 1.000 0.051 0.102 -0.009 0.111 
0.000 1.000 0.000 1.000 0.051 0.102 -0.009 0.111 
1.000 1.998 0.952 1.998 -0.016 0.149 -0.041 0.041 
1.000 1.998 0.952 1.998 -0.016 0.149 -0.041 0.041 
1.000 1.002 1.000 1.050 -0.050 0.063 -0.037 -0.002 
0.998 1.000 0.953 2.000 -0.065 0.048 -0.032 -0.066 
0.998 1.000 0.953 2.000 -0.065 0.048 -0.032 -0.066 
0.050 1.000 0.000 2.000 0.029 0.084 -0.006 0.034 
0.050 1.000 0.000 2.000 0.029 0.084 -0.006 0.034 
1.000 1.000 0.950 1.048 -0.067 0.047 -0.032 -0.073 
1.000 1.000 0.950 1.048 -0.067 0.047 -0.032 -0.073 
0.953 1.000 0.952 1.050 -0.045 0.064 -0.035 0.003 
0.953 1.000 0.952 1.050 -0.045 0.064 -0.035 0.003 
0.950 1.000 0.002 1.000 -0.362 -0.232 0.051 -1.332 
0.950 1.000 0.002 1.000 -0.362 -0.232 0.051 -1.332 
0.950 1.000 0.002 1.000 -0.362 -0.232 0.050 -1.330 
0.952 1.000 1.000 1.048 -0.030 0.079 -0.039 0.069 
0.952 1.000 1.000 1.048 -0.030 0.079 -0.039 0.069 
0.952 1.000 0.953 1.000 -0.045 0.064 -0.035 0.003 
0.952 1.000 0.002 1.000 -0.362 -0.232 0.051 -1.331 
0.000 1.000 0.950 1.000 0.366 0.397 -0.094 1.442 
0.000 1.000 0.950 1.000 0.366 0.397 -0.095 1.442 
0.952 0.050 0.002 1.000 -0.409 -0.328 0.059 -1.433 
0.952 0.050 0.002 1.000 -0.410 -0.329 0.060 -1.436 
0.952 0.048 0.952 1.000 -0.093 -0.032 -0.026 -0.102 
0.952 0.048 0.952 1.000 -0.093 -0.032 -0.026 -0.102 
-26.952 -6.000 -26.000 -6.000 3.036 1.271 -0.258 4.489 
-26.952 -6.000 -26.000 -6.000 3.035 1.264 -0.263 4.476 
-27.000 -6.000 -26.000 -6.000 3.070 1.291 -0.297 4.574 
-27.000 -6.000 -26.000 -6.000 3.080 1.293 -0.312 4.594 
-26.000 -7.947 -25.050 -6.950 2.842 0.994 -0.243 4.167 
-26.000 -7.947 -25.050 -6.950 2.858 0.998 -0.266 4.197 
-23.102 -7.002 -23.053 -6.050 2.222 0.492 0.007 2.512 
-23.102 -7.002 -23.053 -6.050 2.228 0.493 -0.001 2.521 
-20.055 -5.050 -19.055 -5.003 2.401 1.033 -0.357 3.821 
-20.055 -5.050 -19.055 -5.003 2.405 1.033 -0.363 3.828 
-18.050 -5.000 -17.050 -5.000 2.185 0.930 -0.354 3.560 
-18.050 -5.000 -17.050 -5.000 2.191 0.931 -0.363 3.568 
-18.050 -5.000 -17.050 -5.000 2.197 0.933 -0.372 3.581 
-18.000 -5.000 -17.000 -4.952 2.200 0.933 -0.384 3.591 
-18.000 -5.000 -17.050 -4.998 2.189 0.911 -0.382 3.532 
-18.000 -5.000 -17.050 -4.998 2.199 0.913 -0.396 3.550 
-16.050 -5.000 -16.003 -4.050 1.581 0.339 -0.050 1.815 
-16.050 -5.000 -16.003 -4.050 1.585 0.340 -0.054 1.821 
-14.053 -4.000 -14.050 -3.953 1.398 0.321 -0.052 1.583 
-13.003 -4.000 -13.000 -3.002 1.276 0.263 -0.039 1.430 
-13.003 -4.000 -13.000 -3.002 1.277 0.263 -0.040 1.432 
-13.000 -3.000 -12.003 -3.000 1.784 0.896 -0.453 3.181 
-13.000 -3.000 -12.003 -3.000 1.786 0.896 -0.457 3.184 
-12.050 -3.950 -12.000 -3.000 1.195 0.241 -0.052 1.381 
-12.050 -3.950 -12.000 -3.000 1.197 0.242 -0.055 1.385 
-11.050 -3.000 -11.003 -2.050 1.140 0.295 -0.079 1.354 
-11.050 -3.000 -11.003 -2.050 1.140 0.295 -0.080 1.355 
-10.003 -3.000 -10.003 -2.000 0.996 0.212 -0.045 1.121 
-10.003 -3.000 -10.003 -2.000 0.996 0.212 -0.046 1.122 
-9.000 -2.000 -9.000 -1.952 0.942 0.271 -0.072 1.100 
-9.000 -2.000 -9.000 -1.952 0.943 0.271 -0.073 1.100 
-9.000 -2.000 -8.050 -1.950 1.377 0.768 -0.447 2.669 
-9.000 -2.000 -8.050 -1.950 1.378 0.767 -0.450 2.669 
-8.000 -2.000 -8.000 -1.002 0.826 0.215 -0.059 0.953 
-8.000 -2.000 -8.000 -1.002 0.828 0.216 -0.062 0.956 
-7.050 -2.000 -7.003 -1.950 0.737 0.188 -0.064 0.892 
-7.000 -2.000 -6.050 -1.002 1.147 0.658 -0.426 2.382 
-7.000 -2.000 -6.050 -1.002 1.148 0.659 -0.427 2.383 
-6.003 -1.002 -6.002 -1.000 0.655 0.219 -0.071 0.784 
-6.003 -1.002 -6.002 -1.000 0.657 0.220 -0.073 0.786 
-6.000 -1.998 -6.000 -1.000 0.593 0.106 -0.029 0.659 
-6.000 -1.998 -6.000 -1.000 0.593 0.106 -0.030 0.660 
-6.000 -1.050 -5.003 -1.000 1.120 0.741 -0.482 2.451 
-6.000 -1.050 -5.003 -1.000 1.121 0.740 -0.483 2.451 
-6.000 -1.050 -5.003 -1.000 1.123 0.740 -0.487 2.453 
-5.000 -1.000 -4.952 -0.000 0.561 0.190 -0.077 0.718 
-5.000 -1.000 -4.952 -0.000 0.563 0.190 -0.078 0.720 
-5.000 -1.950 -5.000 -1.000 0.479 0.056 -0.016 0.518 
-4.003 -1.000 -4.003 -0.050 0.420 0.109 -0.038 0.487 
-4.003 -1.000 -4.003 -0.050 0.420 0.109 -0.038 0.488 
-4.000 -1.000 -4.000 -0.000 0.420 0.109 -0.038 0.487 
-4.000 -1.000 -4.000 -0.000 0.420 0.109 -0.039 0.488 
-4.000 -1.000 -4.000 0.000 0.420 0.109 -0.039 0.488 
-4.000 -1.000 -4.000 0.000 0.420 0.109 -0.039 0.488 
-4.000 -0.953 -4.000 0.000 0.424 0.115 -0.041 0.494 
-3.002 -1.000 -4.000 0.000 -0.174 -0.477 0.406 -1.353 
-3.002 -1.000 -4.000 0.000 -0.175 -0.477 0.406 -1.354 
-3.000 -1.000 -3.000 0.000 0.299 0.053 -0.018 0.333 
-3.000 -1.000 -3.000 0.000 0.299 0.053 -0.017 0.332 
-3.000 -1.000 -3.000 0.000 0.299 0.053 -0.017 0.332 
-3.000 -0.048 -3.000 0.000 0.361 0.163 -0.061 0.456 
-3.000 -0.048 -3.000 0.000 0.361 0.162 -0.061 0.456 
-2.050 -0.000 -3.000 0.000 -0.202 -0.388 0.360 -1.286 
-2.050 -0.000 -3.000 0.000 -0.202 -0.388 0.360 -1.287 
-3.000 -0.950 -3.000 0.000 0.302 0.059 -0.020 0.338 
-3.000 -0.950 -3.000 0.000 0.302 0.058 -0.020 0.338 
-2.002 -0.048 -2.002 0.000 0.240 0.106 -0.040 0.301 
-2.002 -0.048 -2.002 0.000 0.240 0.106 -0.040 0.301 
-2.000 -0.000 -1.050 0.950 0.691 0.611 -0.444 1.902 
-2.000 -0.000 -1.050 0.950 0.692 0.611 -0.444 1.902 
-2.000 0.000 -2.000 0.002 0.243 0.112 -0.042 0.308 
-2.000 0.000 -2.000 0.002 0.243 0.112 -0.043 0.308 
-2.000 0.000 -2.000 0.002 0.243 0.112 -0.043 0.308 
-2.000 0.000 -2.000 0.000 0.243 0.112 -0.043 0.308 
-2.000 0.000 -2.000 0.000 0.243 0.112 -0.043 0.309 
-1.050 -0.002 -1.002 0.000 0.150 0.084 -0.043 0.242 
-1.050 -0.002 -1.002 0.000 0.150 0.083 -0.043 0.242 
-1.000 0.000 -1.000 0.000 0.122 0.056 -0.022 0.154 
-1.000 0.000 -1.000 0.000 0.122 0.056 -0.022 0.154 
-1.000 0.000 -1.000 0.000 0.122 0.056 -0.022 0.154 
-1.000 0.000 -1.000 0.000 0.122 0.056 -0.022 0.154 
-1.000 0.000 -1.000 0.000 0.122 0.056 -0.022 0.154 
-1.000 0.000 -1.000 0.000 0.122 0.056 -0.022 0.154 
-1.000 0.000 -1.000 0.000 0.122 0.056 -0.022 0.154 
-1.000 0.000 -1.000 0.950 0.122 0.056 -0.022 0.154 
-1.000 0.000 -1.000 0.950 0.122 0.056 -0.022 0.155 
-1.000 0.000 -1.000 1.000 0.122 0.056 -0.022 0.155 
-1.000 0.000 -0.050 1.000 0.575 0.557 -0.432 1.758 
-1.000 0.000 -0.050 1.000 0.575 0.556 -0.432 1.757 
-1.000 0.000 -0.050 1.000 0.577 0.556 -0.435 1.759 
-1.000 0.000 -0.998 0.050 0.123 0.057 -0.023 0.159 
-1.000 0.000 -0.998 0.050 0.123 0.057 -0.024 0.159 
-1.000 0.000 -0.000 0.000 0.604 0.586 -0.461 1.853 
-0.000 0.000 -0.998 1.000 -0.480 -0.529 0.437 -1.694 
-0.000 0.000 -0.998 1.000 -0.482 -0.530 0.439 -1.698 
-0.950 0.000 -0.048 1.000 0.552 0.532 -0.419 1.681 
-0.950 0.000 -0.048 1.000 0.551 0.532 -0.416 1.680 
-0.950 0.000 -0.048 1.000 0.551 0.532 -0.416 1.680 
-0.998 0.000 -0.998 0.000 0.122 0.056 -0.023 0.156 
-0.998 0.000 -0.998 0.000 0.122 0.056 -0.023 0.156 
-0.953 0.000 -0.953 1.000 0.117 0.054 -0.022 0.149 
-0.002 0.000 -0.952 0.950 -0.460 -0.505 0.420 -1.620 
-0.002 0.000 -0.952 0.950 -0.460 -0.505 0.420 -1.621 
-0.002 0.000 -0.952 0.950 -0.459 -0.503 0.419 -1.615 
-0.950 0.950 -0.000 1.000 0.637 0.667 -0.484 1.887 
-0.950 0.000 -0.048 1.000 0.550 0.529 -0.416 1.675 
-0.950 0.000 -0.048 1.000 0.550 0.528 -0.418 1.673 
-0.950 0.048 -0.952 1.000 0.118 0.057 -0.023 0.150 
-0.950 0.048 -0.952 1.000 0.119 0.058 -0.023 0.150 
-0.950 -0.950 -0.952 0.003 0.053 -0.057 0.024 0.021 
-0.950 -0.950 -0.952 0.003 0.053 -0.057 0.024 0.021 
-26.000 -16.000 -21.000 -16.000 3.547 1.324 -0.321 7.205 
-26.000 -16.000 -21.000 -16.000 3.546 1.323 -0.319 7.202 
-26.000 -16.000 -21.000 -16.000 3.562 1.316 -0.298 7.224 
-26.000 -16.000 -21.000 -16.000 3.586 1.326 -0.300 7.279 
-26.000 -16.000 -21.000 -16.000 3.622 1.337 -0.298 7.354 
-26.000 -16.000 -21.000 -16.000 3.649 1.344 -0.291 7.412 
-23.053 -15.050 -18.102 -15.050 3.413 1.300 -0.349 7.196 
-23.053 -15.050 -18.102 -15.050 3.434 1.308 -0.349 7.243 
-18.103 -12.053 -14.103 -12.053 2.752 1.053 -0.289 5.865 
-18.103 -12.053 -14.103 -12.053 2.763 1.058 -0.291 5.889 
-15.053 -11.000 -11.053 -11.000 2.536 1.043 -0.372 5.740 
-15.053 -11.000 -11.053 -11.000 2.539 1.042 -0.368 5.746 
-14.003 -9.053 -10.000 -9.053 2.570 1.213 -0.451 5.925 
-14.000 -8.953 -10.047 -8.003 2.587 1.217 -0.441 5.948 
-13.003 -8.000 -10.000 -8.000 2.156 0.909 -0.254 4.676 
-13.003 -8.000 -10.000 -8.000 2.170 0.915 -0.253 4.711 
-11.050 -6.050 -8.003 -6.050 2.110 1.057 -0.361 4.812 
-11.050 -6.050 -8.003 -6.050 2.121 1.061 -0.360 4.840 
-10.003 -6.000 -7.003 -6.000 1.998 1.001 -0.364 4.675 
-10.003 -6.000 -7.003 -6.000 2.014 1.008 -0.361 4.716 
-9.002 -5.000 -6.050 -5.000 1.954 1.055 -0.400 4.676 
-9.002 -5.000 -6.050 -5.000 1.962 1.058 -0.399 4.698 
-9.000 -4.048 -6.000 -4.000 2.052 1.185 -0.441 4.912 
-8.050 -4.000 -6.000 -3.050 1.538 0.765 -0.227 3.441 
-7.000 -2.050 -5.000 -2.050 1.551 0.926 -0.307 3.564 
-6.000 -1.003 -5.000 -0.053 1.058 0.587 -0.121 2.100 
-7.997 -0.050 -7.950 0.000 0.912 0.393 0.105 1.035 
-9.950 -0.000 -8.950 0.998 1.589 0.903 -0.120 2.771 
-10.000 0.950 -9.950 1.950 1.208 0.602 0.093 1.420 
-10.000 1.000 -10.000 2.000 1.192 0.587 0.101 1.354 
-10.000 1.000 -10.000 2.000 1.193 0.587 0.100 1.356 
-11.000 1.000 -10.000 1.002 1.789 1.074 -0.155 3.067 
-11.000 1.000 -11.000 1.998 1.308 0.635 0.112 1.481 
-11.000 1.000 -11.000 1.998 1.310 0.635 0.112 1.484 
-11.000 1.000 -11.000 1.998 1.311 0.636 0.110 1.485 
-12.000 1.000 -11.000 1.050 1.911 1.125 -0.147 3.208 
-12.000 1.000 -11.000 1.050 1.912 1.126 -0.148 3.211 
-12.000 0.950 -12.000 1.000 1.424 0.678 0.123 1.606 
-12.000 0.950 -12.000 1.000 1.428 0.679 0.121 1.611 
-12.950 1.000 -12.950 1.050 1.542 0.731 0.130 1.737 
-13.000 0.003 -13.000 1.000 1.483 0.621 0.166 1.612 
-13.000 0.003 -13.000 1.000 1.485 0.622 0.165 1.614 
-13.950 1.000 -14.000 1.998 1.637 0.757 0.153 1.787 
-13.950 1.000 -14.000 1.998 1.638 0.758 0.151 1.789 
-14.000 0.003 -14.000 1.002 1.605 0.670 0.173 1.745 
-14.000 1.000 -14.998 1.998 1.180 0.334 0.412 0.249 
-14.000 1.000 -14.998 1.998 1.181 0.334 0.411 0.248 
-14.950 0.953 -15.000 1.002 1.759 0.802 0.159 1.917 
-14.950 0.953 -15.000 1.002 1.759 0.801 0.158 1.917 
-15.000 0.950 -15.998 1.000 1.294 0.376 0.423 0.366 
-15.000 0.950 -15.998 1.000 1.295 0.376 0.422 0.365 
-15.000 0.050 -16.000 1.000 1.233 0.273 0.457 0.238 
-15.000 0.050 -16.000 1.000 1.234 0.273 0.456 0.238 
-15.000 0.000 -16.000 1.000 1.230 0.267 0.457 0.231 
-15.000 0.950 -16.000 1.048 1.295 0.375 0.421 0.361 
-15.000 0.950 -16.000 1.048 1.295 0.375 0.420 0.362 
-15.002 0.000 -16.002 0.003 1.231 0.268 0.455 0.232 
-15.002 0.000 -16.002 0.003 1.231 0.268 0.455 0.232 
-15.000 0.000 -16.000 1.000 1.231 0.268 0.455 0.232 
-15.000 0.000 -16.000 1.000 1.231 0.268 0.455 0.232 
-15.000 -0.950 -16.000 0.003 1.167 0.160 0.491 0.102 
-15.000 -0.950 -16.000 0.003 1.167 0.161 0.489 0.102 
-15.000 -0.002 -16.000 0.002 1.232 0.268 0.453 0.232 
-15.000 -0.002 -16.000 0.002 1.232 0.268 0.452 0.232 
-15.000 -0.998 -16.000 0.950 1.165 0.156 0.490 0.096 
-15.000 -0.003 -16.000 0.048 1.232 0.269 0.451 0.232 
-15.000 -0.003 -16.000 0.048 1.232 0.269 0.451 0.232 
-15.000 -0.048 -16.000 0.000 1.229 0.263 0.452 0.226 
-15.000 -0.048 -16.000 0.000 1.229 0.264 0.452 0.226 
-15.000 -0.952 -16.000 0.000 1.168 0.162 0.486 0.103 
-15.000 -0.952 -16.000 0.000 1.168 0.162 0.486 0.103 
-15.000 -0.998 -16.000 0.000 1.166 0.157 0.486 0.097 
-15.000 -0.998 -16.000 0.000 1.166 0.157 0.486 0.097 
-15.000 -0.050 -16.000 0.000 1.230 0.264 0.449 0.226 
-15.000 -0.050 -16.000 0.000 1.230 0.264 0.449 0.226 
-15.000 -1.000 -15.003 0.000 1.666 0.601 0.204 1.736 
-15.000 -1.000 -15.003 0.000 1.667 0.601 0.203 1.736 
-14.950 -0.953 -15.000 0.000 1.642 0.583 0.212 1.659 
-14.950 -0.953 -15.000 0.000 1.643 0.583 0.212 1.661 
-14.000 -1.000 -15.000 0.000 1.052 0.109 0.472 -0.031 
-14.000 -1.000 -15.000 0.000 1.053 0.109 0.472 -0.032 
-14.002 -0.050 -15.000 0.000 1.119 0.217 0.434 0.102 
-14.002 -0.050 -15.000 0.000 1.119 0.217 0.434 0.102 
-14.002 -0.050 -15.000 0.000 1.119 0.217 0.433 0.102 
-15.000 -1.000 -16.000 0.000 1.170 0.157 0.481 0.094 
-15.000 -1.000 -16.000 0.000 1.170 0.157 0.481 0.094 
-15.000 -1.000 -16.000 0.000 1.170 0.157 0.480 0.094 
-15.000 -1.000 -16.000 0.000 1.170 0.157 0.480 0.094 
-15.000 -1.000 -16.000 0.000 1.170 0.157 0.480 0.094 
-15.000 -1.000 -16.000 0.000 1.170 0.157 0.479 0.094 
-14.050 -1.000 -15.048 0.000 1.061 0.114 0.468 -0.021 
-14.050 -1.000 -15.048 0.000 1.061 0.114 0.467 -0.021 
-14.000 -1.000 -15.000 0.000 1.054 0.111 0.468 -0.031 
-14.000 -1.000 -15.000 0.000 1.054 0.111 0.467 -0.030 
-14.000 -1.000 -15.000 0.000 1.054 0.111 0.467 -0.030 
-14.000 -1.000 -15.000 0.000 1.054 0.111 0.467 -0.030 
-14.000 -1.000 -15.000 0.000 1.054 0.111 0.466 -0.030 
-14.000 -1.000 -15.000 0.000 1.054 0.112 0.465 -0.030 
-14.000 -1.000 -15.000 0.000 1.054 0.112 0.465 -0.030 
-14.000 -1.000 -15.000 0.000 1.054 0.112 0.465 -0.029 
-14.000 -1.000 -15.000 0.000 1.054 0.112 0.465 -0.029 
-14.000 -1.000 -15.000 0.000 1.054 0.112 0.464 -0.029 
-14.000 -1.000 -15.000 0.000 1.054 0.113 0.464 -0.029 
-13.998 -1.000 -14.950 0.000 1.078 0.134 0.450 0.050 
-13.950 -1.000 -14.000 0.000 1.530 0.528 0.192 1.527 
-13.950 -1.000 -14.000 0.000 1.530 0.528 0.192 1.527 
-13.000 -1.000 -14.000 0.000 0.939 0.066 0.452 -0.154 
-13.000 -1.000 -14.000 0.000 0.940 0.065 0.452 -0.156 
-13.000 -1.000 -14.000 0.000 0.939 0.065 0.451 -0.156 
-13.000 -1.000 -13.050 0.000 1.424 0.483 0.178 1.411 
-13.000 -1.000 -13.050 0.000 1.423 0.483 0.178 1.411 
-13.000 -0.003 -14.000 0.000 1.008 0.177 0.410 -0.019 
-13.000 -0.003 -14.000 0.000 1.008 0.177 0.410 -0.020 
-13.000 -0.950 -14.000 0.000 0.944 0.070 0.448 -0.151 
-13.000 -0.950 -14.000 0.000 0.944 0.071 0.448 -0.150 
-13.000 -0.050 -14.000 0.000 1.005 0.172 0.410 -0.026 
-13.000 -0.050 -14.000 0.000 1.005 0.172 0.410 -0.026 
-13.000 -0.998 -14.000 0.000 0.941 0.066 0.449 -0.156 
-13.000 -0.003 -14.000 0.000 1.009 0.178 0.408 -0.019 
-13.000 -0.003 -14.000 0.000 1.009 0.178 0.407 -0.019 
-13.000 -1.000 -14.000 0.000 0.941 0.067 0.447 -0.155 
-13.000 -1.000 -14.000 0.000 0.941 0.067 0.447 -0.155 
-12.050 -0.050 -13.050 0.000 0.894 0.128 0.400 -0.143 
-12.050 -0.050 -13.050 0.000 0.894 0.129 0.399 -0.143 
-12.050 -0.050 -13.048 0.000 0.895 0.130 0.398 -0.139 
-12.952 -0.952 -13.000 0.000 1.424 0.486 0.169 1.413 
-12.952 -0.952 -13.000 0.000 1.424 0.486 0.169 1.413 
-12.048 -0.998 -13.000 0.000 0.854 0.044 0.423 -0.194 
-12.000 -1.000 -12.998 0.000 0.826 0.022 0.435 -0.275 
-12.000 -1.000 -12.998 0.000 0.826 0.021 0.435 -0.277 
-12.000 -1.000 -13.000 0.000 0.825 0.021 0.435 -0.281 
-12.000 -1.000 -13.000 0.000 0.825 0.021 0.435 -0.280 
-12.002 -0.003 -13.000 0.000 0.894 0.134 0.393 -0.139 
-12.002 -0.003 -13.000 0.000 0.894 0.134 0.393 -0.138 
-12.000 -0.998 -13.000 0.000 0.825 0.022 0.434 -0.278 
-12.000 -0.998 -13.000 0.000 0.825 0.022 0.434 -0.278 
-12.000 -0.003 -13.000 0.000 0.892 0.133 0.393 -0.141 
-12.000 -0.003 -13.000 0.000 0.892 0.134 0.392 -0.141 
-11.998 -0.998 -12.003 0.000 1.334 0.453 0.146 1.357 
-11.998 -0.998 -12.003 0.000 1.334 0.453 0.146 1.357 
-11.050 -0.050 -12.000 0.000 0.804 0.105 0.371 -0.184 
-11.050 -0.050 -12.000 0.000 0.804 0.105 0.371 -0.186 
-11.048 -0.998 -12.000 0.000 0.738 -0.002 0.410 -0.320 
-11.048 -0.050 -12.000 0.000 0.803 0.104 0.371 -0.190 
-11.000 -0.000 -12.000 0.000 0.776 0.087 0.382 -0.266 
-11.000 -0.000 -12.000 0.000 0.776 0.088 0.381 -0.266 
-11.000 -0.000 -12.000 0.000 0.776 0.088 0.381 -0.265 
-11.002 -1.000 -12.000 0.000 0.710 -0.022 0.421 -0.397 
-11.002 -1.000 -12.000 0.000 0.710 -0.021 0.421 -0.396 
-11.000 -1.000 -12.000 0.000 0.708 -0.022 0.422 -0.400 
-11.000 -1.000 -12.000 0.000 0.708 -0.022 0.421 -0.399 
-11.000 -1.000 -12.000 0.000 0.708 -0.021 0.421 -0.398 
-11.000 -1.000 -12.000 0.000 0.708 -0.021 0.421 -0.398 
-11.000 -1.000 -11.050 0.000 1.194 0.385 0.148 1.154 
-11.000 -1.000 -11.050 0.000 1.194 0.385 0.148 1.154 
-11.000 -1.000 -11.000 0.000 1.220 0.406 0.132 1.236 
-11.000 -1.000 -11.000 0.000 1.221 0.407 0.131 1.237 
-10.000 -0.003 -10.998 0.000 0.660 0.043 0.369 -0.384 
-10.000 -1.000 -11.000 0.000 0.591 -0.069 0.412 -0.526 
-10.000 -1.000 -11.000 0.000 0.591 -0.069 0.412 -0.526 
-10.000 -1.000 -11.000 0.000 0.591 -0.068 0.411 -0.526 
-10.950 -1.000 -10.050 0.000 1.679 0.789 -0.131 2.707 
-10.952 -0.953 -11.000 0.000 1.195 0.389 0.141 1.161 
-10.952 -0.953 -11.000 0.000 1.197 0.390 0.140 1.163 
-10.048 -1.000 -11.000 -0.048 0.622 -0.046 0.397 -0.443 
-10.048 -1.000 -11.000 -0.048 0.622 -0.046 0.397 -0.444 
-10.000 -1.000 -10.998 -0.000 0.593 -0.068 0.410 -0.524 
-10.000 -1.000 -10.998 -0.000 0.593 -0.067 0.410 -0.523 
-10.000 -1.000 -10.998 -0.000 0.593 -0.067 0.409 -0.523 
-10.950 -1.000 -11.000 0.000 1.193 0.383 0.141 1.152 
-10.048 -1.000 -11.000 0.000 0.622 -0.045 0.396 -0.441 
-10.048 -1.000 -11.000 0.000 0.622 -0.045 0.396 -0.442 
-10.000 -1.000 -11.000 0.000 0.592 -0.067 0.409 -0.526 
-10.000 -1.000 -11.000 0.000 0.592 -0.067 0.409 -0.524 
-10.000 -0.048 -11.000 0.000 0.656 0.039 0.369 -0.394 
-10.000 -0.952 -10.998 0.000 0.596 -0.059 0.406 -0.512 
-10.000 -0.952 -10.998 0.000 0.596 -0.059 0.406 -0.512 
-10.000 -1.000 -10.003 0.000 1.104 0.357 0.120 1.107 
-10.000 -1.000 -10.003 0.000 1.104 0.357 0.120 1.106 
-9.002 -0.048 -9.050 0.000 1.028 0.397 0.085 1.038 
-9.002 -0.048 -9.050 0.000 1.029 0.396 0.084 1.039 
-9.000 -0.998 -9.050 0.000 0.964 0.291 0.125 0.906 
-9.000 -0.998 -9.050 0.000 0.965 0.291 0.124 0.907 
-9.000 -1.000 -10.000 0.000 0.475 -0.113 0.400 -0.649 
-9.000 -1.000 -10.000 0.000 0.475 -0.113 0.400 -0.650 
-9.000 -1.000 -9.953 0.000 0.499 -0.092 0.386 -0.572 
-9.050 -0.050 -10.000 0.000 0.570 0.017 0.345 -0.430 
-9.050 -0.050 -10.000 0.000 0.570 0.017 0.345 -0.430 
-10.000 -1.000 -9.050 0.000 1.597 0.760 -0.159 2.664 
-10.000 -1.000 -9.050 0.000 1.597 0.759 -0.159 2.662 
-9.000 -0.050 -10.000 0.000 0.540 -0.007 0.359 -0.519 
-9.000 -0.050 -10.000 0.000 0.540 -0.007 0.359 -0.521 
-9.000 -1.000 -9.002 0.000 0.992 0.311 0.108 0.986 
-9.000 -1.000 -9.002 0.000 0.991 0.311 0.108 0.985 
-9.000 -1.000 -9.002 0.000 0.992 0.311 0.107 0.986 
-9.000 -1.000 -10.000 0.000 0.475 -0.113 0.399 -0.652 
-9.000 -1.000 -10.000 0.000 0.475 -0.113 0.399 -0.653 
-9.000 -0.950 -10.000 0.000 0.479 -0.107 0.396 -0.646 
-9.000 -0.950 -10.000 0.000 0.479 -0.107 0.396 -0.645 
-9.000 -1.000 -9.998 0.000 0.476 -0.110 0.397 -0.647 
-9.000 -1.000 -9.998 0.000 0.476 -0.110 0.397 -0.646 
-9.000 -0.000 -10.000 0.000 0.543 -0.001 0.355 -0.513 
-9.000 -0.000 -10.000 0.000 0.543 -0.000 0.355 -0.512 
-9.000 0.000 -10.000 0.000 0.543 -0.000 0.355 -0.511 
-9.000 0.000 -10.000 0.000 0.543 0.000 0.355 -0.511 
-9.000 0.000 -9.050 0.000 1.034 0.400 0.078 1.042 
-9.000 0.000 -9.050 0.000 1.033 0.400 0.078 1.041 
-9.000 0.000 -9.050 0.000 1.034 0.400 0.078 1.042 
-9.000 -0.950 -9.000 0.000 0.996 0.317 0.102 0.995 
-8.050 -0.050 -9.000 0.002 0.454 -0.028 0.335 -0.555 
-8.050 -0.050 -9.000 0.002 0.454 -0.029 0.335 -0.556 
-8.998 -0.998 -9.000 0.000 0.992 0.310 0.105 0.985 
-8.998 -0.998 -9.000 0.000 0.992 0.310 0.105 0.984 
-9.000 -1.000 -9.000 0.000 0.994 0.311 0.104 0.989 
-9.000 -1.000 -8.050 0.000 1.488 0.711 -0.175 2.547 
-9.000 -1.000 -8.050 0.000 1.489 0.711 -0.176 2.550 
-9.000 -1.000 -9.000 -0.002 0.997 0.312 0.102 0.993 
-9.000 -1.000 -9.000 -0.002 0.998 0.312 0.101 0.994 
-9.000 -0.953 -10.000 0.000 0.479 -0.108 0.395 -0.653 
-9.000 -0.953 -10.000 0.000 0.480 -0.108 0.395 -0.654 
-9.000 -0.000 -10.950 0.000 0.047 -0.408 0.636 -2.096 
-9.000 -0.000 -10.950 0.000 0.047 -0.406 0.635 -2.093 
-9.000 0.000 -11.000 0.048 0.021 -0.424 0.648 -2.169 
-9.000 0.000 -11.000 0.048 0.022 -0.423 0.648 -2.163 
-9.000 0.000 -10.003 0.000 0.542 0.000 0.352 -0.516 
-9.000 0.000 -10.003 0.000 0.542 0.002 0.352 -0.512 
-9.000 0.000 -9.050 0.000 1.035 0.399 0.074 1.040 
-9.000 0.000 -9.050 0.000 1.035 0.398 0.074 1.040 
-8.000 -0.950 -8.050 0.000 0.853 0.248 0.108 0.787 
-8.000 -0.950 -8.050 0.000 0.853 0.248 0.108 0.787 
-7.050 -0.050 -7.998 0.000 0.337 -0.071 0.324 -0.672 
-7.050 -0.050 -7.998 0.000 0.337 -0.071 0.325 -0.673 
-7.998 -0.998 -7.050 0.000 1.368 0.657 -0.181 2.407 
-7.998 -0.998 -7.050 0.000 1.367 0.657 -0.181 2.404 
-8.000 -1.000 -8.952 0.000 0.383 -0.133 0.373 -0.692 
-8.000 -1.000 -8.952 0.000 0.383 -0.134 0.373 -0.695 
-8.000 -1.000 -8.000 0.000 0.878 0.263 0.093 0.864 
-8.000 -1.000 -8.000 0.000 0.878 0.263 0.093 0.863 
-8.000 -1.000 -8.000 0.000 0.879 0.264 0.093 0.864 
-8.000 -0.000 -8.998 0.000 0.427 -0.044 0.343 -0.634 
-8.000 -0.000 -8.998 0.000 0.427 -0.044 0.343 -0.636 
-8.000 -0.002 -9.000 0.000 0.425 -0.045 0.344 -0.639 
-8.000 -0.002 -9.000 0.000 0.425 -0.045 0.343 -0.639 
-8.000 0.000 -9.000 0.000 0.426 -0.044 0.343 -0.637 
-8.000 0.000 -9.000 0.000 0.425 -0.043 0.343 -0.636 
-8.000 0.000 -9.000 0.000 0.426 -0.043 0.343 -0.635 
-8.000 0.000 -9.000 0.000 0.426 -0.043 0.342 -0.634 
-7.050 -0.048 -8.050 0.000 0.310 -0.091 0.338 -0.757 
-7.050 -0.048 -8.050 0.000 0.310 -0.091 0.338 -0.757 
-7.002 -0.000 -8.000 0.000 0.309 -0.087 0.335 -0.751 
-7.000 0.000 -8.000 0.000 0.307 -0.086 0.335 -0.752 
-7.000 0.000 -8.000 0.000 0.307 -0.086 0.335 -0.751 
-7.000 0.000 -8.000 0.000 0.307 -0.086 0.334 -0.750 
-7.000 0.000 -8.000 0.000 0.307 -0.085 0.334 -0.749 
-7.000 -0.950 -7.003 0.000 0.759 0.220 0.086 0.736 
-7.000 -0.950 -7.003 0.000 0.759 0.220 0.086 0.736 
-7.000 -1.000 -7.000 0.000 0.757 0.215 0.087 0.733 
-7.000 -1.000 -7.000 0.000 0.758 0.216 0.086 0.734 
-7.000 -1.000 -7.000 0.000 0.758 0.216 0.086 0.734 
-6.000 -0.998 -6.050 0.000 0.615 0.149 0.094 0.529 
-6.000 -0.998 -6.050 0.000 0.615 0.149 0.094 0.530 
-6.000 -1.000 -6.000 0.000 0.641 0.169 0.080 0.610 
-6.000 -1.000 -6.000 0.000 0.641 0.169 0.079 0.611 
-6.000 -1.000 -6.952 0.000 0.147 -0.221 0.357 -0.935 
-6.000 -1.000 -6.952 0.000 0.147 -0.222 0.357 -0.936 
-6.002 -1.000 -6.000 0.000 0.643 0.170 0.079 0.615 
-6.002 -1.000 -6.000 0.000 0.642 0.170 0.079 0.614 
-6.000 -1.000 -6.997 0.000 0.123 -0.238 0.370 -1.005 
-6.000 -1.000 -6.997 0.000 0.123 -0.239 0.370 -1.008 
-6.952 -1.000 -7.000 -0.950 0.729 0.194 0.099 0.652 
-6.952 -1.000 -7.000 -0.950 0.728 0.194 0.099 0.651 
-6.000 -0.050 -6.003 -0.000 0.704 0.272 0.039 0.735 
-6.000 -0.050 -6.003 -0.000 0.704 0.272 0.038 0.735 
-6.000 -0.998 -6.952 -0.950 0.147 -0.220 0.357 -0.933 
-6.000 -0.998 -6.952 -0.950 0.147 -0.220 0.357 -0.933 
-6.000 -1.000 -6.998 -0.000 0.123 -0.238 0.370 -1.006 
-6.000 -1.000 -6.998 -0.000 0.123 -0.237 0.369 -1.004 
-6.000 -1.000 -7.000 -0.950 0.122 -0.238 0.370 -1.007 
-6.000 -1.000 -7.000 -0.950 0.122 -0.238 0.370 -1.006 
-6.000 -1.000 -7.000 -0.950 0.122 -0.237 0.369 -1.004 
-6.000 -1.000 -6.050 -0.002 0.614 0.149 0.094 0.528 
-6.000 -1.000 -6.050 -0.002 0.614 0.149 0.094 0.527 
-5.003 -0.000 -6.000 0.000 0.073 -0.172 0.319 -0.985 
-5.003 -0.000 -6.000 0.000 0.073 -0.173 0.319 -0.986 
-5.000 -1.000 -5.003 0.000 0.520 0.122 0.074 0.480 
-5.000 -1.000 -5.003 0.000 0.520 0.121 0.074 0.479 
-5.000 -0.050 -5.997 0.000 0.070 -0.177 0.320 -0.990 
-5.000 -0.050 -5.997 0.000 0.070 -0.177 0.321 -0.991 
-5.000 -1.000 -5.048 0.000 0.497 0.103 0.087 0.407 
-5.000 -1.000 -5.048 0.000 0.497 0.103 0.087 0.406 
-5.000 -1.000 -5.000 -0.002 0.521 0.122 0.074 0.482 
-5.000 -0.950 -4.050 0.000 1.016 0.510 -0.203 2.013 
-5.000 -0.950 -4.050 0.000 1.016 0.511 -0.204 2.016 
-4.952 -0.050 -4.002 0.000 1.072 0.607 -0.244 2.134 
-4.952 -0.050 -4.002 0.000 1.074 0.608 -0.246 2.139 
-4.952 -0.050 -4.002 0.000 1.076 0.609 -0.247 2.144 
-5.000 -0.950 -5.000 0.000 0.528 0.128 0.069 0.493 
-5.000 -0.950 -5.000 0.000 0.528 0.128 0.069 0.494 
-5.000 -1.000 -5.997 -0.002 0.004 -0.285 0.365 -1.135 
-5.000 -1.000 -5.997 -0.002 0.003 -0.285 0.365 -1.136 
-5.950 -0.953 -5.998 0.000 0.616 0.153 0.088 0.534 
-5.950 -0.953 -5.998 0.000 0.616 0.153 0.088 0.534 
-6.000 -1.000 -6.000 0.000 0.643 0.169 0.076 0.611 
-6.000 -1.000 -6.000 0.000 0.644 0.169 0.076 0.612 
-6.000 -1.000 -6.000 0.000 0.644 0.169 0.076 0.612 
-6.000 -1.000 -6.000 0.000 0.644 0.169 0.076 0.612 
-5.950 -0.998 -6.000 0.000 0.613 0.147 0.090 0.525 
-5.950 -0.998 -6.000 0.000 0.613 0.147 0.090 0.526 
-6.000 -0.050 -5.998 0.000 0.710 0.274 0.033 0.746 
-6.000 -0.050 -5.998 0.000 0.711 0.274 0.032 0.746 
-6.000 -1.000 -6.002 0.000 0.644 0.169 0.075 0.609 
-6.000 -1.000 -6.002 0.000 0.644 0.169 0.075 0.610 
-6.000 -0.953 -6.000 0.000 0.649 0.175 0.072 0.620 
-6.000 -0.953 -6.000 0.000 0.649 0.175 0.072 0.621 
-6.000 -0.048 -6.950 0.000 0.211 -0.117 0.315 -0.811 
-6.000 -0.048 -6.950 0.000 0.211 -0.118 0.315 -0.812 
-6.000 -0.000 -6.952 0.000 0.213 -0.114 0.314 -0.809 
-6.000 -0.950 -6.952 0.000 0.148 -0.216 0.355 -0.936 
-6.000 -0.950 -6.952 0.000 0.148 -0.215 0.355 -0.934 
-6.000 -0.950 -6.952 0.000 0.149 -0.215 0.355 -0.933 
-6.000 -0.950 -6.998 0.000 0.125 -0.233 0.368 -1.006 
-6.000 -0.950 -6.998 0.000 0.125 -0.232 0.367 -1.004 
-6.000 -0.002 -6.003 0.000 0.710 0.276 0.031 0.743 
-6.000 -0.002 -6.003 0.000 0.710 0.276 0.031 0.742 
-6.000 -1.000 -6.000 0.000 0.644 0.169 0.075 0.611 
-6.000 -1.000 -6.000 0.000 0.645 0.169 0.074 0.612 
-5.050 -1.000 -6.000 0.000 0.034 -0.261 0.350 -1.050 
-5.050 -1.000 -6.000 0.000 0.034 -0.262 0.350 -1.051 
-5.000 -0.998 -6.000 0.000 0.002 -0.283 0.365 -1.137 
-5.000 -0.998 -6.000 0.000 0.002 -0.282 0.364 -1.135 
-5.950 -1.000 -5.950 0.000 0.638 0.167 0.074 0.604 
-5.950 -1.000 -5.950 0.000 0.638 0.167 0.075 0.603 
-5.000 -0.050 -5.950 0.000 0.093 -0.159 0.307 -0.923 
-5.000 -0.050 -5.950 0.000 0.093 -0.159 0.308 -0.924 
-5.000 -0.050 -5.950 0.000 0.093 -0.159 0.307 -0.923 
-5.000 -0.950 -5.000 0.000 0.528 0.128 0.067 0.492 
-5.000 -0.950 -5.000 0.000 0.528 0.128 0.068 0.492 
-4.998 -0.950 -4.050 0.000 1.023 0.509 -0.211 2.021 
-4.998 -0.950 -4.050 0.000 1.023 0.510 -0.211 2.022 
-5.000 -1.000 -5.000 0.000 0.526 0.123 0.069 0.486 
-5.000 -1.000 -4.952 0.000 0.552 0.142 0.054 0.564 
-5.000 -1.000 -4.952 0.000 0.552 0.142 0.054 0.565 
-4.998 -0.998 -4.952 0.000 0.551 0.142 0.054 0.561 
-4.998 -0.998 -4.952 0.000 0.551 0.142 0.054 0.562 
-5.000 -0.003 -5.000 0.000 0.595 0.232 0.023 0.624 
-5.000 -0.003 -5.000 0.000 0.596 0.232 0.023 0.624 
-5.000 0.000 -5.050 0.000 0.570 0.211 0.037 0.544 
-5.000 0.000 -6.000 0.000 0.068 -0.177 0.322 -1.009 
-5.000 0.000 -6.000 0.000 0.068 -0.177 0.322 -1.010 
-5.000 0.000 -6.000 0.000 0.068 -0.176 0.321 -1.008 
-5.000 0.000 -5.048 0.048 0.571 0.212 0.037 0.547 
-5.000 0.000 -5.048 0.048 0.570 0.212 0.037 0.546 
-5.000 0.000 -5.050 0.000 0.569 0.211 0.038 0.543 
-5.000 0.000 -5.050 0.000 0.569 0.211 0.037 0.543 
-5.000 0.000 -5.998 0.000 0.070 -0.175 0.320 -1.002 
-5.000 0.000 -5.998 0.000 0.070 -0.175 0.320 -1.002 
-5.000 0.000 -5.000 0.000 0.596 0.232 0.023 0.624 
-5.000 0.000 -5.000 0.000 0.595 0.231 0.023 0.624 
-5.000 0.000 -5.000 0.000 0.595 0.231 0.023 0.624 
-5.000 -0.950 -5.997 0.000 0.005 -0.278 0.363 -1.132 
-5.000 -0.002 -5.050 0.000 0.570 0.211 0.037 0.543 
-5.000 -0.002 -5.050 0.000 0.569 0.211 0.037 0.542 
-5.000 -0.002 -5.050 0.000 0.569 0.211 0.037 0.542 
-5.000 0.000 -5.000 0.000 0.596 0.231 0.022 0.624 
-5.000 -0.998 -5.997 0.000 0.002 -0.282 0.364 -1.138 
-5.000 -0.998 -5.997 0.000 0.002 -0.283 0.365 -1.140 
-5.000 -0.048 -6.000 0.000 0.065 -0.180 0.323 -1.013 
-5.000 -0.048 -6.000 0.000 0.065 -0.179 0.322 -1.011 
-5.000 -0.048 -6.000 0.000 0.065 -0.179 0.322 -1.009 
-5.000 -0.952 -5.950 0.000 0.031 -0.256 0.347 -1.050 
-5.000 -0.000 -5.000 0.000 0.595 0.231 0.023 0.622 
-5.000 -0.000 -5.000 0.000 0.594 0.231 0.023 0.622 
-5.000 -0.952 -4.050 0.000 1.029 0.511 -0.216 2.032 
-5.000 -0.952 -4.050 0.000 1.029 0.511 -0.217 2.034 
-4.000 -1.000 -4.950 0.000 -0.091 -0.307 0.345 -1.180 
-4.000 -1.000 -4.950 0.000 -0.092 -0.308 0.346 -1.185 
-4.000 -1.000 -4.050 0.000 0.383 0.056 0.077 0.282 
-4.000 -1.000 -4.050 0.000 0.383 0.056 0.077 0.281 
-4.997 -1.000 -4.998 -0.050 0.528 0.123 0.066 0.487 
-4.997 -1.000 -4.998 -0.050 0.528 0.123 0.066 0.488 
-4.003 -0.000 -5.000 -0.000 -0.050 -0.219 0.315 -1.125 
-4.003 -0.000 -5.000 -0.000 -0.050 -0.220 0.316 -1.126 
-4.997 -0.998 -5.000 0.000 0.527 0.122 0.067 0.484 
-4.997 -0.998 -5.000 0.000 0.527 0.122 0.067 0.483 
-4.950 -0.000 -5.000 0.000 0.564 0.209 0.036 0.536 
-4.950 -0.000 -5.000 0.000 0.564 0.209 0.036 0.536 
-5.000 -1.000 -5.000 -0.950 0.529 0.123 0.066 0.488 
-5.000 -1.000 -5.000 -0.950 0.529 0.123 0.066 0.488 
-5.000 -1.000 -5.000 -0.950 0.529 0.123 0.066 0.488 
-4.000 -0.050 -5.000 -0.000 -0.055 -0.225 0.318 -1.137 
-4.000 -0.050 -5.000 -0.000 -0.055 -0.226 0.318 -1.138 
-4.000 -0.950 -4.998 0.000 -0.115 -0.322 0.358 -1.255 
-4.000 -0.950 -4.998 0.000 -0.114 -0.321 0.357 -1.253 
-4.950 -0.050 -4.998 0.000 0.562 0.204 0.037 0.533 
-4.950 -0.050 -4.998 0.000 0.561 0.204 0.037 0.532 
-4.998 -0.998 -5.000 0.000 0.527 0.122 0.067 0.483 
-4.998 -0.998 -5.000 0.000 0.527 0.122 0.066 0.484 
-4.000 -0.050 -4.048 0.000 0.448 0.160 0.033 0.415 
-4.000 -0.050 -4.048 0.000 0.449 0.160 0.033 0.415 
-4.000 -0.000 -4.000 0.000 0.477 0.185 0.016 0.499 
-4.000 -0.000 -4.000 0.000 0.477 0.185 0.016 0.499 
-4.000 -1.000 -4.950 0.000 -0.093 -0.307 0.346 -1.183 
-4.000 -1.000 -4.950 0.000 -0.093 -0.307 0.346 -1.184 
-4.000 -0.950 -4.002 0.000 0.412 0.081 0.060 0.366 
-4.000 -0.950 -4.002 0.000 0.411 0.081 0.060 0.365 
-4.000 -1.000 -4.048 0.000 0.384 0.057 0.076 0.286 
-4.000 -1.000 -4.048 0.000 0.384 0.057 0.076 0.286 
-4.000 -0.048 -5.000 0.000 -0.055 -0.224 0.318 -1.134 
-4.000 -0.048 -5.000 0.000 -0.055 -0.224 0.318 -1.135 
-4.000 -0.048 -5.000 0.000 -0.055 -0.224 0.318 -1.134 
-4.000 -0.952 -4.952 0.000 -0.091 -0.301 0.344 -1.177 
-4.000 -0.950 -4.952 0.000 -0.090 -0.300 0.343 -1.173 
-4.000 -0.950 -4.952 0.000 -0.090 -0.299 0.342 -1.171 
-4.000 -1.000 -4.002 -0.950 0.407 0.075 0.063 0.357 
-4.000 -1.000 -4.002 -0.950 0.407 0.075 0.063 0.357 
-3.002 -0.003 -3.953 -0.000 -0.143 -0.241 0.294 -1.159 
-3.002 -0.003 -3.953 -0.000 -0.143 -0.241 0.294 -1.160 
-3.000 0.000 -2.052 0.000 0.854 0.515 -0.268 1.897 
-3.000 0.000 -2.052 0.000 0.853 0.514 -0.267 1.894 
-3.000 -0.002 -3.000 0.000 0.357 0.138 0.012 0.372 
-3.000 -0.002 -3.000 0.000 0.357 0.138 0.012 0.372 
-3.000 -0.998 -3.000 -0.950 0.290 0.031 0.057 0.238 
-3.000 -0.998 -3.000 -0.950 0.290 0.031 0.057 0.238 
-3.000 -1.000 -3.000 -0.000 0.290 0.030 0.057 0.237 
-3.000 -1.000 -3.000 -0.000 0.290 0.030 0.057 0.237 
-3.000 -0.998 -3.950 0.000 -0.211 -0.349 0.340 -1.299 
-3.000 -0.998 -3.950 0.000 -0.211 -0.349 0.340 -1.299 
-3.000 -0.003 -3.002 0.000 0.356 0.137 0.013 0.368 
-3.000 -0.003 -3.002 0.000 0.356 0.137 0.013 0.368 
-3.000 -0.950 -3.050 0.000 0.267 0.016 0.070 0.163 
-3.000 -0.002 -3.000 0.000 0.357 0.138 0.012 0.372 
-3.000 -0.002 -3.000 0.000 0.357 0.138 0.012 0.372 
-3.000 -0.002 -3.000 0.000 0.357 0.138 0.012 0.372 
-3.000 0.000 -3.000 0.000 0.357 0.138 0.012 0.372 
-3.000 0.000 -3.000 0.000 0.357 0.138 0.012 0.372 
-3.000 -0.002 -2.998 0.000 0.358 0.139 0.011 0.376 
-3.000 -0.002 -2.998 0.000 0.358 0.139 0.011 0.376 
-3.000 -0.950 -3.000 0.000 0.293 0.036 0.055 0.244 
-3.000 -0.950 -3.000 0.000 0.293 0.036 0.055 0.244 
-3.000 -0.950 -3.000 0.000 0.293 0.036 0.055 0.244 
-3.000 -0.048 -3.000 0.000 0.354 0.133 0.014 0.366 
-3.000 -0.048 -3.000 0.000 0.354 0.133 0.014 0.367 
-3.000 -0.952 -3.000 0.000 0.293 0.036 0.055 0.244 
-3.000 -0.952 -3.000 0.000 0.293 0.036 0.055 0.244 
-3.000 -0.048 -3.000 0.000 0.355 0.133 0.014 0.367 
-3.000 -0.048 -3.000 0.000 0.355 0.133 0.014 0.367 
-3.000 -0.000 -3.047 0.000 0.333 0.119 0.026 0.296 
-3.000 -0.000 -3.047 0.000 0.333 0.119 0.025 0.297 
-3.000 -0.952 -4.000 0.000 -0.236 -0.365 0.354 -1.377 
-3.000 -0.952 -4.000 0.000 -0.236 -0.365 0.354 -1.378 
-3.000 -0.000 -4.000 0.000 -0.171 -0.262 0.311 -1.248 
-3.000 -0.000 -4.000 0.000 -0.171 -0.262 0.311 -1.246 
-3.000 -0.050 -4.000 0.000 -0.174 -0.266 0.313 -1.250 
-3.000 -0.050 -4.000 0.000 -0.173 -0.265 0.312 -1.247 
-3.000 -0.000 -4.000 0.000 -0.170 -0.259 0.309 -1.238 
-3.000 -0.000 -4.000 0.000 -0.169 -0.259 0.309 -1.237 
-3.000 0.000 -3.000 0.000 0.357 0.138 0.012 0.371 
-3.000 0.000 -3.000 0.000 0.356 0.138 0.012 0.371 
-3.000 -0.002 -3.000 0.000 0.356 0.137 0.012 0.370 
-3.000 -0.002 -3.000 0.000 0.356 0.137 0.012 0.370 
-2.000 -0.950 -2.050 0.000 0.148 -0.030 0.066 0.039 
-2.000 -0.950 -2.050 0.000 0.148 -0.030 0.066 0.039 
-2.000 -0.000 -2.000 0.000 0.238 0.092 0.008 0.247 
-2.000 -0.000 -2.000 0.000 0.238 0.092 0.008 0.247 
-2.000 -0.950 -2.000 0.000 0.174 -0.010 0.051 0.119 
-2.000 -0.950 -2.000 0.000 0.174 -0.010 0.051 0.119 
-2.000 -0.000 -2.000 0.000 0.238 0.092 0.008 0.247 
-2.000 -0.000 -2.000 0.000 0.238 0.092 0.008 0.247 
-2.000 -0.048 -2.000 0.000 0.235 0.087 0.010 0.241 
-2.000 -0.048 -2.000 0.000 0.235 0.087 0.010 0.241 
-2.000 -0.952 -2.000 0.000 0.174 -0.010 0.051 0.119 
-2.000 -0.952 -2.000 0.000 0.174 -0.010 0.051 0.119 
-2.000 -0.950 -2.000 0.000 0.174 -0.010 0.051 0.119 
-2.000 -0.950 -2.000 0.000 0.174 -0.010 0.051 0.119 
-2.000 -0.048 -1.998 0.000 0.236 0.088 0.009 0.245 
-2.000 -0.048 -1.998 0.000 0.236 0.088 0.009 0.245 
-2.000 -0.000 -2.000 0.000 0.238 0.092 0.008 0.248 
-2.000 -0.000 -2.000 0.000 0.238 0.092 0.008 0.248 
-2.000 0.000 -2.000 0.000 0.238 0.092 0.008 0.248 
-2.000 0.000 -2.000 0.000 0.238 0.092 0.008 0.248 
-2.000 -0.048 -2.000 0.000 0.235 0.087 0.010 0.241 
-2.000 -0.000 -2.000 0.000 0.238 0.092 0.008 0.248 
-2.000 -0.000 -2.000 0.000 0.238 0.092 0.008 0.248 
-2.000 0.000 -2.000 0.000 0.238 0.092 0.008 0.248 
-2.000 0.000 -2.000 0.000 0.238 0.092 0.008 0.248 
-2.000 0.000 -2.000 0.000 0.238 0.092 0.008 0.248 
-2.000 0.000 -2.000 0.000 0.238 0.092 0.007 0.248 
-2.000 0.000 -2.000 0.000 0.238 0.092 0.007 0.248 
-2.000 -0.950 -2.950 0.000 -0.327 -0.387 0.334 -1.412 
-2.000 -0.950 -2.950 0.000 -0.327 -0.387 0.334 -1.413 
-2.000 -0.000 -2.998 0.000 -0.288 -0.302 0.304 -1.357 
-2.000 -0.000 -2.998 0.000 -0.288 -0.302 0.304 -1.357 
-2.000 -0.952 -2.998 0.000 -0.351 -0.403 0.347 -1.481 
-2.000 -0.952 -2.998 0.000 -0.350 -0.403 0.347 -1.479 
-2.000 -0.002 -2.002 0.000 0.236 0.090 0.008 0.243 
-2.000 0.000 -2.950 0.000 -0.260 -0.280 0.288 -1.267 
-2.000 0.000 -2.950 0.000 -0.260 -0.280 0.288 -1.267 
-2.000 0.000 -2.000 0.000 0.237 0.091 0.008 0.246 
-2.000 0.000 -2.000 0.000 0.237 0.091 0.008 0.246 
-2.000 0.000 -2.000 0.000 0.237 0.091 0.008 0.246 
-2.000 0.000 -2.000 0.000 0.237 0.091 0.008 0.246 
-1.050 -0.002 -1.002 0.000 0.149 0.066 -0.010 0.204 
-1.050 -0.002 -1.002 0.000 0.149 0.066 -0.010 0.204 
-1.000 -0.002 -1.000 0.000 0.118 0.045 0.004 0.123 
-1.000 -0.002 -1.000 0.000 0.118 0.045 0.004 0.123 
-1.000 -1.000 -0.050 0.000 0.547 0.307 -0.229 1.497 
-1.000 -1.000 -0.050 0.000 0.547 0.307 -0.229 1.497 
-1.000 -0.953 -0.998 0.000 0.056 -0.055 0.046 -0.001 
-1.000 -0.953 -0.998 0.000 0.056 -0.055 0.046 -0.001 
-1.000 -0.998 -1.000 0.000 0.052 -0.061 0.049 -0.011 
-1.000 -0.998 -1.000 0.000 0.052 -0.061 0.049 -0.011 
-0.998 -0.003 -0.998 0.000 0.118 0.045 0.004 0.123 
-0.998 -0.003 -0.998 0.000 0.118 0.045 0.004 0.123 
-1.000 0.000 -1.000 0.000 0.119 0.046 0.004 0.123 
-1.000 0.000 -1.000 0.000 0.119 0.046 0.004 0.123 
-1.000 0.000 -1.000 0.000 0.119 0.046 0.004 0.123 
-1.000 0.000 -1.000 0.000 0.119 0.046 0.004 0.123 
-1.000 0.000 -0.950 0.002 0.145 0.065 -0.011 0.203 
-1.000 0.000 -0.950 0.002 0.145 0.065 -0.011 0.203 
-1.000 0.000 -1.000 0.000 0.119 0.046 0.004 0.123 
-1.000 0.000 -1.000 0.000 0.119 0.046 0.004 0.123 
-1.000 0.000 -1.000 0.000 0.119 0.046 0.004 0.123 
-1.000 0.000 -1.000 0.000 0.119 0.046 0.004 0.123 
-1.000 0.000 -1.000 0.000 0.119 0.046 0.004 0.123 
-1.000 0.000 -0.953 0.048 0.144 0.064 -0.010 0.199 
-1.000 0.000 -0.953 0.048 0.144 0.064 -0.010 0.199 
-1.000 0.000 -0.953 0.048 0.144 0.064 -0.010 0.199 
-1.000 0.000 -1.000 0.000 0.119 0.046 0.004 0.124 
-1.000 0.000 -1.000 0.000 0.119 0.046 0.004 0.124 
-1.000 0.000 -1.000 0.000 0.119 0.046 0.004 0.124 
-1.000 0.000 -1.000 0.000 0.119 0.046 0.004 0.124 
-1.000 0.000 -1.000 0.000 0.119 0.046 0.004 0.124 
-1.000 0.000 -1.000 0.000 0.119 0.046 0.004 0.124 
-1.000 0.000 -0.998 0.002 0.120 0.047 0.003 0.127 
-1.000 0.000 -0.998 0.002 0.120 0.047 0.003 0.127 
-1.000 0.000 -1.000 0.000 0.119 0.046 0.004 0.124 
-1.000 0.000 -1.000 0.000 0.119 0.046 0.004 0.124 
-1.000 0.000 -1.000 0.000 0.119 0.046 0.004 0.124 
-1.000 0.000 -1.000 0.000 0.119 0.046 0.004 0.124 
-1.000 0.000 -1.000 0.002 0.119 0.046 0.004 0.124 
-1.000 0.000 -1.000 0.002 0.119 0.046 0.004 0.124 
-1.000 0.000 -1.000 0.000 0.119 0.046 0.004 0.124 
-1.000 0.000 -1.000 0.000 0.119 0.046 0.004 0.124 
-1.000 0.000 -1.000 0.000 0.119 0.046 0.004 0.124 
-1.000 0.000 -1.000 0.000 0.119 0.046 0.004 0.124 
-1.000 0.000 -1.000 0.048 0.119 0.046 0.004 0.124 
-1.000 0.000 -1.000 0.048 0.119 0.046 0.004 0.124 
-1.000 0.000 -1.000 0.000 0.119 0.046 0.004 0.124 
-1.000 0.000 -1.000 0.000 0.119 0.046 0.004 0.124 
-1.000 0.000 -1.050 0.000 0.093 0.026 0.018 0.044 
-1.000 0.000 -1.050 0.000 0.093 0.026 0.018 0.044 
-1.000 0.000 -1.050 0.000 0.093 0.026 0.018 0.044 
-1.000 0.000 -1.048 0.048 0.094 0.027 0.018 0.047 
-1.000 0.000 -1.048 0.048 0.094 0.027 0.018 0.047 
-1.000 0.000 -1.950 0.000 -0.382 -0.327 0.286 -1.402 
-1.000 0.000 -1.950 0.000 -0.382 -0.327 0.286 -1.402 
-1.000 0.000 -1.952 0.000 -0.382 -0.327 0.285 -1.403 
-1.000 0.000 -1.952 0.000 -0.382 -0.327 0.286 -1.402 
-1.000 0.000 -1.950 0.000 -0.380 -0.326 0.286 -1.397 
-1.000 0.000 -1.950 0.000 -0.380 -0.326 0.285 -1.395 
-1.000 0.000 -1.048 0.950 0.094 0.027 0.018 0.047 
-1.000 0.000 -1.048 0.950 0.094 0.027 0.018 0.047 
-1.000 0.000 -1.048 0.950 0.094 0.027 0.018 0.047 
-1.950 0.000 -2.000 0.000 0.205 0.070 0.022 0.161 
-1.950 0.000 -2.000 0.000 0.205 0.070 0.022 0.161 
-1.952 0.000 -2.000 0.000 0.207 0.071 0.021 0.165 
-1.952 0.000 -2.000 0.000 0.207 0.071 0.021 0.165 
-1.000 0.000 -1.002 0.000 0.117 0.045 0.004 0.119 
-1.000 0.000 -1.002 0.000 0.117 0.045 0.004 0.119 
-1.000 0.000 -1.000 0.000 0.119 0.046 0.004 0.123 
-1.000 0.000 -1.000 0.000 0.119 0.046 0.004 0.123 
-1.000 0.000 -1.000 0.000 0.119 0.046 0.004 0.123 
-1.000 0.000 -1.000 0.000 0.119 0.046 0.004 0.123 
-1.000 0.000 -1.000 0.000 0.119 0.046 0.004 0.123 
-1.000 0.000 -1.000 0.000 0.119 0.046 0.004 0.123 
-1.000 0.000 -1.000 0.000 0.119 0.046 0.004 0.123 
-1.000 0.000 -1.000 0.000 0.119 0.046 0.004 0.123 
-0.050 0.000 -1.000 0.000 -0.492 -0.366 0.279 -1.506 
-0.050 0.000 -1.000 0.000 -0.492 -0.366 0.279 -1.506 
-0.050 0.000 -1.000 0.000 -0.491 -0.365 0.279 -1.505 
-0.050 0.000 -1.000 0.000 -0.491 -0.366 0.280 -1.503 
-0.998 0.000 -0.998 0.000 0.118 0.045 0.004 0.122 
-0.998 0.000 -0.998 0.000 0.118 0.045 0.004 0.122 
-0.998 0.000 -0.998 0.950 0.118 0.045 0.004 0.122 
-0.998 0.000 -1.000 0.000 0.117 0.045 0.004 0.119 
-0.998 0.000 -1.000 0.000 0.117 0.045 0.004 0.119 
-1.000 -0.048 -1.000 0.000 0.115 0.040 0.006 0.116 
-1.000 -0.048 -1.000 0.000 0.115 0.040 0.006 0.116 
-32.000 -12.000 -26.000 -12.000 4.058 3.042 1.229 9.023 
-32.000 -12.000 -26.000 -12.000 4.058 3.041 1.228 9.022 
-32.000 -12.000 -26.000 -12.000 4.125 3.081 1.149 9.116 
-32.000 -12.000 -26.000 -12.000 4.166 3.115 1.112 9.196 
-32.000 -12.000 -26.000 -12.000 4.256 3.189 1.026 9.367 
-30.052 -14.947 -25.005 -13.997 3.685 2.320 1.089 7.656 
-30.052 -14.947 -25.005 -13.997 3.767 2.384 1.009 7.809 
-28.005 -13.052 -23.053 -13.003 3.681 2.487 0.836 7.809 
-28.005 -13.052 -23.053 -13.003 3.750 2.536 0.764 7.926 
-23.055 -13.000 -19.055 -12.048 2.994 1.820 0.665 6.213 
-23.055 -13.000 -19.055 -12.048 3.029 1.848 0.630 6.281 
-22.000 -12.003 -17.953 -12.000 3.020 1.955 0.524 6.417 
-20.050 -12.000 -16.050 -11.953 2.854 1.862 0.418 6.235 
-20.050 -12.000 -16.050 -11.953 2.894 1.888 0.372 6.299 
-19.003 -12.000 -16.000 -12.000 2.423 1.281 0.505 4.763 
-17.052 -11.003 -14.050 -11.000 2.332 1.335 0.351 4.790 
-17.052 -11.003 -14.050 -11.000 2.348 1.346 0.332 4.816 
-17.052 -11.003 -14.050 -11.000 2.365 1.358 0.314 4.845 
-14.053 -11.000 -12.003 -11.000 1.664 0.634 0.430 3.080 
-14.050 -10.000 -12.000 -9.050 1.751 0.776 0.358 3.272 
-14.050 -10.000 -12.000 -9.050 1.767 0.787 0.342 3.298 
-13.003 -10.950 -10.003 -9.998 2.022 1.198 0.118 4.553 
-12.953 -8.053 -10.998 -8.053 1.765 0.932 0.202 3.368 
-12.953 -8.053 -10.998 -8.053 1.776 0.939 0.190 3.384 
-11.050 -8.950 -9.053 -7.998 1.537 0.748 0.173 3.113 
-11.050 -8.950 -9.053 -7.998 1.549 0.755 0.160 3.131 
-10.953 -9.000 -9.000 -7.052 1.522 0.720 0.164 3.053 
-10.953 -9.000 -9.000 -7.052 1.529 0.724 0.156 3.064 
-8.053 -7.000 -6.053 -7.000 1.374 0.848 -0.035 3.128 
-8.000 -8.000 -6.950 -7.050 0.854 0.113 0.285 1.424 
-8.000 -8.000 -6.950 -7.050 0.857 0.115 0.282 1.429 
-8.002 -7.000 -7.000 -7.000 0.906 0.215 0.238 1.511 
-8.002 -7.000 -7.000 -7.000 0.907 0.216 0.236 1.514 
-7.000 -7.000 -6.000 -7.000 0.796 0.157 0.216 1.395 
-7.000 -7.000 -6.000 -7.000 0.798 0.158 0.214 1.398 
-7.048 -6.003 -6.997 -6.000 0.399 -0.332 0.457 -0.031 
-7.048 -6.003 -6.997 -6.000 0.399 -0.333 0.457 -0.031 
-6.003 -6.000 -5.003 -6.000 0.761 0.233 0.134 1.446 
-6.003 -6.000 -5.003 -6.000 0.761 0.233 0.134 1.445 
-6.950 -5.050 -5.997 -5.050 0.913 0.382 0.109 1.631 
-6.950 -5.050 -5.997 -5.050 0.915 0.383 0.106 1.633 
-5.050 -5.000 -4.053 -5.000 0.728 0.308 0.053 1.495 
-5.050 -5.000 -4.053 -5.000 0.730 0.309 0.051 1.498 
-5.950 -5.000 -4.950 -5.000 0.837 0.366 0.061 1.615 
-5.950 -5.000 -4.950 -5.000 0.839 0.367 0.060 1.617 
-5.002 -5.000 -4.002 -5.000 0.733 0.312 0.041 1.508 
-5.002 -5.000 -4.002 -5.000 0.735 0.314 0.039 1.511 
-4.000 -5.000 -3.950 -4.050 0.124 -0.383 0.348 -0.235 
-4.000 -5.000 -3.950 -4.050 0.124 -0.383 0.348 -0.236 
-4.000 -4.952 -3.050 -4.000 0.602 0.229 0.033 1.320 
-4.000 -4.952 -3.050 -4.000 0.602 0.229 0.033 1.319 
-4.000 -4.000 -3.000 -4.000 0.699 0.389 -0.043 1.561 
-4.000 -4.000 -3.000 -4.000 0.700 0.389 -0.045 1.563 
-4.000 -4.000 -3.000 -3.050 0.703 0.391 -0.048 1.567 
-4.000 -4.000 -3.000 -3.050 0.704 0.392 -0.050 1.569 
-3.000 -4.000 -3.000 -3.048 0.054 -0.346 0.291 -0.283 
-3.000 -4.000 -3.000 -3.048 0.054 -0.347 0.292 -0.284 
-3.000 -4.000 -3.000 -3.050 0.053 -0.347 0.292 -0.284 
-3.000 -4.000 -3.000 -3.050 0.053 -0.347 0.292 -0.285 
-3.000 -3.002 -2.002 -3.000 0.665 0.465 -0.129 1.613 
-2.998 -3.000 -2.000 -3.000 0.664 0.464 -0.130 1.611 
-2.998 -3.000 -2.000 -3.000 0.667 0.465 -0.133 1.614 
-3.000 -3.000 -2.000 -3.000 0.670 0.467 -0.136 1.621 
-3.000 -3.000 -2.000 -3.000 0.673 0.469 -0.139 1.626 
-2.000 -3.998 -2.000 -3.000 -0.064 -0.407 0.280 -0.407 
-2.000 -3.998 -2.000 -3.000 -0.065 -0.408 0.281 -0.408 
-2.000 -3.000 -2.000 -2.050 0.010 -0.276 0.217 -0.245 
-2.000 -3.000 -2.000 -2.050 0.010 -0.276 0.217 -0.246 
-1.002 -3.000 -1.000 -3.000 -0.105 -0.335 0.203 -0.363 
-1.002 -3.000 -1.000 -3.000 -0.105 -0.335 0.203 -0.363 
-1.002 -3.000 -1.000 -3.000 -0.105 -0.334 0.203 -0.363 
-1.998 -2.002 -1.998 -2.000 0.084 -0.144 0.154 -0.083 
-1.002 -2.998 -1.002 -2.000 -0.106 -0.336 0.204 -0.367 
-1.002 -2.998 -1.002 -2.000 -0.106 -0.336 0.204 -0.367 
-1.002 -2.998 -1.002 -2.000 -0.106 -0.335 0.204 -0.367 
-2.000 -2.000 -1.950 -1.050 0.112 -0.109 0.135 0.005 
-2.000 -2.000 -1.950 -1.050 0.112 -0.109 0.135 0.005 
-1.002 -2.000 -1.000 -1.952 -0.030 -0.202 0.140 -0.200 
-1.002 -2.000 -1.000 -1.952 -0.030 -0.202 0.140 -0.200 
-1.950 -1.050 -1.000 -1.002 0.670 0.630 -0.258 1.728 
-1.950 -1.050 -1.000 -1.002 0.670 0.630 -0.258 1.728 
-1.000 -2.000 -1.000 -1.000 -0.032 -0.204 0.140 -0.204 
-1.000 -1.050 -1.000 -1.000 0.038 -0.078 0.080 -0.049 
-0.050 -1.998 -0.050 -1.950 -0.144 -0.261 0.129 -0.321 
-0.050 -1.998 -0.050 -1.950 -0.144 -0.261 0.129 -0.321 
-1.000 -2.000 -0.950 -1.002 -0.005 -0.170 0.123 -0.117 
-1.000 -2.000 -0.950 -1.002 -0.005 -0.170 0.123 -0.117 
-0.050 -1.950 -0.002 -1.000 -0.114 -0.222 0.108 -0.230 
-0.050 -1.950 -0.002 -1.000 -0.114 -0.222 0.108 -0.230 
-1.000 -1.000 -0.998 -1.000 0.043 -0.070 0.076 -0.037 
-1.000 -1.000 -0.998 -1.000 0.043 -0.070 0.076 -0.037 
-0.050 -1.000 -0.050 -1.000 -0.069 -0.129 0.065 -0.158 
-0.050 -1.000 -0.050 -1.000 -0.069 -0.129 0.065 -0.158 
-0.998 -1.000 -0.950 -0.050 0.068 -0.039 0.059 0.042 
-0.998 -1.000 -0.950 -0.050 0.068 -0.039 0.059 0.042 
-0.050 -1.000 -0.002 -1.000 -0.043 -0.097 0.047 -0.074 
-0.050 -1.000 -0.002 -1.000 -0.043 -0.097 0.047 -0.074 
-0.050 -1.000 0.000 -0.003 -0.041 -0.095 0.046 -0.070 
-0.050 -1.000 0.000 -0.003 -0.041 -0.095 0.046 -0.070 
-0.050 -1.000 0.000 -0.003 -0.041 -0.095 0.046 -0.070 
-0.000 -1.000 0.000 0.000 -0.075 -0.132 0.064 -0.164 
-0.048 -1.000 0.000 0.000 -0.043 -0.097 0.047 -0.074 
-0.048 -1.000 0.000 0.000 -0.043 -0.097 0.047 -0.074 
-0.000 -1.000 0.000 0.000 -0.075 -0.132 0.064 -0.164 
-0.000 -1.000 0.000 0.000 -0.075 -0.132 0.064 -0.164 
-1.000 -0.048 0.000 0.000 0.665 0.741 -0.357 1.870 
-1.000 -0.048 0.000 0.000 0.665 0.741 -0.357 1.869 
-0.000 -0.952 0.000 0.000 -0.071 -0.126 0.061 -0.156 
-0.000 -0.952 0.000 0.000 -0.071 -0.126 0.062 -0.156 
